Sample	fastp_mqc-generalstats-fastp-pct_duplication	fastp_mqc-generalstats-fastp-after_filtering_q30_rate	fastp_mqc-generalstats-fastp-after_filtering_q30_bases	fastp_mqc-generalstats-fastp-filtering_result_passed_filter_reads	fastp_mqc-generalstats-fastp-after_filtering_gc_content	fastp_mqc-generalstats-fastp-pct_surviving	fastp_mqc-generalstats-fastp-pct_adapter	FastQC_mqc-generalstats-fastqc-percent_duplicates	FastQC_mqc-generalstats-fastqc-percent_gc	FastQC_mqc-generalstats-fastqc-avg_sequence_length	FastQC_mqc-generalstats-fastqc-median_sequence_length	FastQC_mqc-generalstats-fastqc-percent_fails	FastQC_mqc-generalstats-fastqc-total_sequences
ACR-139-TP1	34.0553	0.934865	4414928490.0	35426094.0	0.41108	97.73903553629167	9.566095123175524						
ACR-139-TP1_R1_001								63.008386468076104	40.0	133.2829639079036	135	18.181818181818183	17713047.0
ACR-139-TP1_R2_001								63.34213076651733	41.0	133.32861048694784	135	18.181818181818183	17713047.0
ACR-139-TP2	28.436899999999998	0.933855	4810106230.0	38568828.0	0.421487	97.73626604087877	8.786998051246377						
ACR-139-TP2_R1_001								58.846293133187835	41.0	133.53166800920164	135	18.181818181818183	19284414.0
ACR-139-TP2_R2_001								59.33404846824378	42.0	133.56336381286982	135	18.181818181818183	19284414.0
ACR-139-TP3	33.8298	0.941882	4495123499.0	35917252.0	0.409253	98.20473908023021	12.775743476595627						
ACR-139-TP3_R1_001								66.99659349572508	40.0	132.85508301136178	135	18.181818181818183	17958626.0
ACR-139-TP3_R2_001								66.94494052889716	41.0	132.89077109796708	135	18.181818181818183	17958626.0
ACR-139-TP4	32.7528	0.939832	5055371838.0	40484212.0	0.411427	97.7001112671115	12.408517636631142						
ACR-139-TP4_R1_001								64.87448625987511	40.0	132.84503633169393	135	18.181818181818183	20242106.0
ACR-139-TP4_R2_001								65.21921952661592	41.0	132.88577853509906	135	18.181818181818183	20242106.0
ACR-145-TP1	40.436299999999996	0.940986	5362905288.0	43165798.0	0.416404	97.26601146061533	16.443517421864943						
ACR-145-TP1_R1_001								72.77684041121782	41.0	131.98960867119843	135	18.181818181818183	21582899.0
ACR-145-TP1_R2_001								73.50329586983577	42.0	132.06642851824492	135	18.181818181818183	21582899.0
ACR-145-TP2	35.9191	0.937774	4410278501.0	35388754.0	0.427049	97.94454787243612	12.07140278856479						
ACR-145-TP2_R1_001								66.51817030862733	42.0	132.8555359140364	135	18.181818181818183	17694377.0
ACR-145-TP2_R2_001								67.23136937025097	43.0	132.92694667916254	135	18.181818181818183	17694377.0
ACR-145-TP3	55.588300000000004	0.948964	5738225042.0	46092124.0	0.400704	98.22924844512333	20.763911286687595						
ACR-145-TP3_R1_001								84.37253955695117	39.0	131.15739339762254	135	18.181818181818183	23046062.0
ACR-145-TP3_R2_001								85.08443747819582	40.0	131.21455817484133	135	18.181818181818183	23046062.0
ACR-145-TP4	48.633700000000005	0.945291	5344753579.0	42754124.0	0.40518	98.2210765912198	15.78147649691827						
ACR-145-TP4_R1_001								78.27798597918962	40.0	132.22070736380894	135	18.181818181818183	21377062.0
ACR-145-TP4_R2_001								78.679777871671	40.0	132.26679573647678	135	18.181818181818183	21377062.0
ACR-150-TP1	54.318999999999996	0.943052	5636630551.0	45895450.0	0.422307	97.08702025584098	22.30292596404065						
ACR-150-TP1_R1_001								83.32696490143573	41.0	130.12501108497682	135	18.181818181818183	22947725.0
ACR-150-TP1_R2_001								84.08536071605185	42.0	130.3286273911684	135	18.181818181818183	22947725.0
ACR-150-TP2	33.0968	0.940639	4583850471.0	36614632.0	0.415541	97.85733185020234	11.524344711428215						
ACR-150-TP2_R1_001								65.45172841630232	41.0	133.0719545672342	135	18.181818181818183	18307316.0
ACR-150-TP2_R2_001								66.33535479824509	41.0	133.10856157177818	135	18.181818181818183	18307316.0
ACR-150-TP3	32.1363	0.937748	4404787070.0	35245446.0	0.409697	97.83155609411962	10.28685586875321						
ACR-150-TP3_R1_001								61.67732548564954	40.0	133.25132063870038	135	18.181818181818183	17622723.0
ACR-150-TP3_R2_001								62.60307133228002	41.0	133.2888976351725	135	18.181818181818183	17622723.0
ACR-150-TP4	34.102199999999996	0.939605	5287192623.0	42206256.0	0.407028	98.09767071624485	10.41485259360617						
ACR-150-TP4_R1_001								67.47530353093026	40.0	133.3073219287681	135	18.181818181818183	21103128.0
ACR-150-TP4_R2_001								67.33232920460408	41.0	133.33507757712505	135	18.181818181818183	21103128.0
ACR-173-TP1	33.1364	0.945174	4555221262.0	36607956.0	0.401633	97.65112588885225	18.231861631005167						
ACR-173-TP1_R1_001								63.5639610155358	39.0	131.6187329333547	135	18.181818181818183	18303978.0
ACR-173-TP1_R2_001								64.72799435700108	40.0	131.67723327683194	135	18.181818181818183	18303978.0
ACR-173-TP2	25.1765	0.935147	3994327682.0	32061424.0	0.423302	97.7432971380107	10.495916974933586						
ACR-173-TP2_R1_001								55.03536977962639	41.0	133.19883589699572	135	18.181818181818183	16030712.0
ACR-173-TP2_R2_001								56.15620741725867	42.0	133.24552577577342	135	18.181818181818183	16030712.0
ACR-173-TP3	39.1781	0.944882	5181039831.0	41518124.0	0.404249	96.82564062547154	16.06629413852373						
ACR-173-TP3_R1_001								72.46665499869658	39.0	132.02910767355482	135	18.181818181818183	20759062.0
ACR-173-TP3_R2_001								72.72460485876755	40.0	132.10520465712756	135	18.181818181818183	20759062.0
ACR-173-TP4	43.8619	0.946933	4264146649.0	34446960.0	0.415801	97.95436737875491	21.555186844326734						
ACR-173-TP4_R1_001								74.2428954240658	41.0	130.66129643951163	135	18.181818181818183	17223480.0
ACR-173-TP4_R2_001								75.15789459021245	41.0	130.78201315878093	135	18.181818181818183	17223480.0
ACR-186-TP1	56.2866	0.938055	4028460962.0	33086282.0	0.458471	96.49633164823464	23.12173092516287						
ACR-186-TP1_R1_001								84.86341158596878	45.0	129.6894855094326	135	27.27272727272727	16543141.0
ACR-186-TP1_R2_001								85.95506375809286	46.0	129.89392377179158	135	27.27272727272727	16543141.0
ACR-186-TP2	30.5055	0.93773	4303590311.0	34361658.0	0.415792	97.88560209303276	9.250079207736897						
ACR-186-TP2_R1_001								62.505423084615956	41.0	133.54743359589924	135	18.181818181818183	17180829.0
ACR-186-TP2_R2_001								62.83490954471223	42.0	133.57271264384275	135	18.181818181818183	17180829.0
ACR-186-TP3	42.0896	0.947505	4062733296.0	32487934.0	0.399081	97.4759182566393	16.517644143166997						
ACR-186-TP3_R1_001								74.34724422673955	39.0	131.95463860521264	135	18.181818181818183	16243967.0
ACR-186-TP3_R2_001								74.46088611267434	40.0	132.00516173173708	135	18.181818181818183	16243967.0
ACR-186-TP4	33.5987	0.938613	4596033590.0	36749800.0	0.413121	98.06517818126237	10.824535971730603						
ACR-186-TP4_R1_001								66.46521720597045	40.0	133.2267163358712	135	18.181818181818183	18374900.0
ACR-186-TP4_R2_001								66.90840068542289	41.0	133.25479589004567	135	18.181818181818183	18374900.0
ACR-225-TP1	31.989600000000003	0.943303	4139287888.0	33087490.0	0.410347	98.22686028296232	13.905047527713416						
ACR-225-TP1_R1_001								65.85860683472256	40.0	132.61110969735088	135	18.181818181818183	16543745.0
ACR-225-TP1_R2_001								65.41840938228111	41.0	132.62578086158848	135	18.181818181818183	16543745.0
ACR-225-TP2	35.6377	0.93556	4840869598.0	38855502.0	0.39538	97.63912623019186	10.655900794803127						
ACR-225-TP2_R1_001								66.96627677492143	39.0	133.14577920007312	135	18.181818181818183	19427751.0
ACR-225-TP2_R2_001								67.06097465614071	40.0	133.18896453840694	135	18.181818181818183	19427751.0
ACR-225-TP3	33.9041	0.942379	5094542939.0	40823472.0	0.409636	96.61718561366078	13.949445156376122						
ACR-225-TP3_R1_001								65.5678354814878	40.0	132.38565220518234	135	18.181818181818183	20411736.0
ACR-225-TP3_R2_001								65.46586265492726	41.0	132.4607147084403	135	18.181818181818183	20411736.0
ACR-225-TP4	38.5241	0.947728	3992481785.0	31868484.0	0.412491	98.3251593378388	16.754672950396778						
ACR-225-TP4_R1_001								70.7961666985569	40.0	132.17884948653347	135	18.181818181818183	15934242.0
ACR-225-TP4_R2_001								70.70426126706772	41.0	132.19451769340517	135	18.181818181818183	15934242.0
ACR-229-TP1	25.540499999999998	0.93839	5381890678.0	43107078.0	0.409588	98.2659746716928	11.89020701218453						
ACR-229-TP1_R1_001								61.67854983724877	40.0	133.03247545565486	135	18.181818181818183	21553539.0
ACR-229-TP1_R2_001								61.92626622446494	41.0	133.05715223843285	135	18.181818181818183	21553539.0
ACR-229-TP2	30.8934	0.939734	4713147498.0	37674486.0	0.401359	98.1261874928309	11.452619211856378						
ACR-229-TP2_R1_001								64.72402754841934	39.0	133.10613203853663	135	18.181818181818183	18837243.0
ACR-229-TP2_R2_001								65.08983971739134	40.0	133.14097185028615	135	18.181818181818183	18837243.0
ACR-229-TP3	30.5948	0.937973	4274599817.0	34171190.0	0.405049	97.78656360392378	9.974929508559075						
ACR-229-TP3_R1_001								60.63882383264792	39.0	133.3511047756897	135	18.181818181818183	17085595.0
ACR-229-TP3_R2_001								61.012271227744854	41.0	133.37960246628813	135	18.181818181818183	17085595.0
ACR-229-TP4	56.2527	0.944413	5561052480.0	45049076.0	0.420662	98.16776620451836	23.180314721200222						
ACR-229-TP4_R1_001								85.36474658179321	41.0	130.68157389066093	135	18.181818181818183	22524538.0
ACR-229-TP4_R2_001								86.70739435723493	42.0	130.72924989626867	135	18.181818181818183	22524538.0
ACR-237-TP1	42.491299999999995	0.94571	5516271899.0	44216754.0	0.408711	98.23376411253165	17.872461708235942						
ACR-237-TP1_R1_001								75.31356456949712	40.0	131.89837910761156	135	18.181818181818183	22108377.0
ACR-237-TP1_R2_001								75.55266477633458	41.0	131.92861936450603	135	18.181818181818183	22108377.0
ACR-237-TP2	40.165800000000004	0.938282	4154401312.0	33287258.0	0.407263	97.72980992408331	11.62069101988415						
ACR-237-TP2_R1_001								69.71561561976169	40.0	132.99339116487155	135	18.181818181818183	16643629.0
ACR-237-TP2_R2_001								69.86990591188194	41.0	133.03144867023892	135	18.181818181818183	16643629.0
ACR-237-TP3	29.789199999999997	0.938122	4423998150.0	35325468.0	0.411391	97.66159898381308	9.549040789191475						
ACR-237-TP3_R1_001								61.0731731583657	40.0	133.48000575675317	135	18.181818181818183	17662734.0
ACR-237-TP3_R2_001								61.53942566362901	41.0	133.50964493945276	135	18.181818181818183	17662734.0
ACR-237-TP4	47.6509	0.947612	5952841996.0	47486198.0	0.409201	98.58812330942295	16.361175417324407						
ACR-237-TP4_R1_001								78.98524865660325	40.0	132.274029055769	135	9.090909090909092	23743099.0
ACR-237-TP4_R2_001								79.29363981691061	41.0	132.2997425062331	135	18.181818181818183	23743099.0
ACR-244-TP1	36.0536	0.949118	4827872453.0	38899414.0	0.444343	98.57376563387002	21.67891745014563						
ACR-244-TP1_R1_001								64.07302269660636	43.0	130.6956218929159	135	18.181818181818183	19449707.0
ACR-244-TP1_R2_001								64.40967607951177	44.0	130.82460825759483	135	18.181818181818183	19449707.0
ACR-244-TP2	37.2297	0.936845	5401351068.0	43379890.0	0.406653	98.03491254011634	12.134807160227828						
ACR-244-TP2_R1_001								68.72496401243292	40.0	132.88061666361995	135	18.181818181818183	21689945.0
ACR-244-TP2_R2_001								69.5240376990753	41.0	132.92921475826702	135	18.181818181818183	21689945.0
ACR-244-TP3	26.520599999999998	0.931647	5536417067.0	44561068.0	0.403443	97.562356965978	9.68753689152412						
ACR-244-TP3_R1_001								56.980239320105575	39.0	133.34007614000635	135	18.181818181818183	22280534.0
ACR-244-TP3_R2_001								57.96427947088562	40.0	133.37690155900214	135	18.181818181818183	22280534.0
ACR-244-TP4	47.9798	0.949955	5481925987.0	43907618.0	0.409728	98.15634455689407	20.55605288416914						
ACR-244-TP4_R1_001								79.16439238888543	40.0	131.41110182747786	135	18.181818181818183	21953809.0
ACR-244-TP4_R2_001								79.62485033208492	41.0	131.43782634712727	135	18.181818181818183	21953809.0
ACR-265-TP1	53.0887	0.938681	7215864830.0	58600470.0	0.418344	98.11759718294248	20.8878499743741						
ACR-265-TP1_R1_001								84.21970271033696	41.0	131.1531046764642	135	18.181818181818183	29300235.0
ACR-265-TP1_R2_001								85.35280956002232	42.0	131.19990235573195	135	18.181818181818183	29300235.0
ACR-265-TP2	36.9885	0.939966	5327351621.0	42636278.0	0.397629	97.9697084489568	12.16488574020623						
ACR-265-TP2_R1_001								70.11526556502888	39.0	132.90631846428997	135	18.181818181818183	21318139.0
ACR-265-TP2_R2_001								70.07374701483039	40.0	132.9492511048924	135	18.181818181818183	21318139.0
ACR-265-TP3	38.7939	0.93947	5260483297.0	42374404.0	0.400617	97.91270514184453	16.153053100880644						
ACR-265-TP3_R1_001								70.64439769333603	39.0	132.1057636586464	135	18.181818181818183	21187202.0
ACR-265-TP3_R2_001								71.06089559146116	40.0	132.17168392504115	135	18.181818181818183	21187202.0
ACR-265-TP4	52.5031	0.943761	5932217089.0	47729828.0	0.414025	98.24171195516818	18.565541927770738						
ACR-265-TP4_R1_001								82.70833350630468	40.0	131.67107306567289	135	18.181818181818183	23864914.0
ACR-265-TP4_R2_001								83.32737275074967	41.0	131.7096249749737	135	18.181818181818183	23864914.0
