Sample	total_passed	total_failed	secondary_passed	secondary_failed	supplementary_passed	supplementary_failed	duplicates_passed	duplicates_failed	mapped_passed	mapped_failed	mapped_passed_pct	mapped_failed_pct	paired in sequencing_passed	paired in sequencing_failed	read1_passed	read1_failed	read2_passed	read2_failed	properly paired_passed	properly paired_failed	properly paired_passed_pct	properly paired_failed_pct	with itself and mate mapped_passed	with itself and mate mapped_failed	singletons_passed	singletons_failed	singletons_passed_pct	singletons_failed_pct	with mate mapped to a different chr_passed	with mate mapped to a different chr_failed	with mate mapped to a different chr (mapQ >= 5)_passed	with mate mapped to a different chr (mapQ >= 5)_failed	flagstat_total
ACR-139-TP1-hisat2_output	40511050	0	5084956	0	0	0	0	0	31640631	0	78.1	nan	35426094	0	17713047	0	17713047	0	21811506	0	61.57	nan	24360056	0	2195619	0	6.2	nan	186356	0	103531	0	40511050
ACR-139-TP2-hisat2_output	42903492	0	4334664	0	0	0	0	0	32361370	0	75.43	nan	38568828	0	19284414	0	19284414	0	23257660	0	60.3	nan	25848456	0	2178250	0	5.65	nan	147812	0	83572	0	42903492
ACR-139-TP3-hisat2_output	40733234	0	4815982	0	0	0	0	0	32897352	0	80.76	nan	35917252	0	17958626	0	17958626	0	22437302	0	62.47	nan	26038126	0	2043244	0	5.69	nan	125082	0	64998	0	40733234
ACR-139-TP4-hisat2_output	46418562	0	5934350	0	0	0	0	0	36450667	0	78.53	nan	40484212	0	20242106	0	20242106	0	24470966	0	60.45	nan	28215882	0	2300435	0	5.68	nan	189808	0	98888	0	46418562
ACR-145-TP1-hisat2_output	55886001	0	12720203	0	0	0	0	0	45159089	0	80.81	nan	43165798	0	21582899	0	21582899	0	25445834	0	58.95	nan	30316096	0	2122790	0	4.92	nan	198224	0	91389	0	55886001
ACR-145-TP2-hisat2_output	39221056	0	3832302	0	0	0	0	0	25300595	0	64.51	nan	35388754	0	17694377	0	17694377	0	17477096	0	49.39	nan	20004754	0	1463539	0	4.14	nan	106542	0	55183	0	39221056
ACR-145-TP3-hisat2_output	51792426	0	5700302	0	0	0	0	0	39737439	0	76.72	nan	46092124	0	23046062	0	23046062	0	24896316	0	54.01	nan	31773826	0	2263311	0	4.91	nan	172326	0	77225	0	51792426
ACR-145-TP4-hisat2_output	48758550	0	6004426	0	0	0	0	0	36221801	0	74.29	nan	42754124	0	21377062	0	21377062	0	23375090	0	54.67	nan	27964676	0	2252699	0	5.27	nan	187352	0	93322	0	48758550
ACR-150-TP1-hisat2_output	54173749	0	8278299	0	0	0	0	0	38898453	0	71.8	nan	45895450	0	22947725	0	22947725	0	22545924	0	49.12	nan	28788862	0	1831292	0	3.99	nan	200596	0	75080	0	54173749
ACR-150-TP2-hisat2_output	42384714	0	5770082	0	0	0	0	0	34171147	0	80.62	nan	36614632	0	18307316	0	18307316	0	23211312	0	63.39	nan	26479748	0	1921317	0	5.25	nan	149800	0	79885	0	42384714
ACR-150-TP3-hisat2_output	40497948	0	5252502	0	0	0	0	0	32629229	0	80.57	nan	35245446	0	17622723	0	17622723	0	22518632	0	63.89	nan	25351012	0	2025715	0	5.75	nan	173692	0	93338	0	40497948
ACR-150-TP4-hisat2_output	46596362	0	4390106	0	0	0	0	0	37880879	0	81.3	nan	42206256	0	21103128	0	21103128	0	27599852	0	65.39	nan	31123664	0	2367109	0	5.61	nan	169722	0	93520	0	46596362
ACR-173-TP1-hisat2_output	46987081	0	10379125	0	0	0	0	0	36677108	0	78.06	nan	36607956	0	18303978	0	18303978	0	19950946	0	54.5	nan	24327080	0	1970903	0	5.38	nan	251370	0	111964	0	46987081
ACR-173-TP2-hisat2_output	36981290	0	4919866	0	0	0	0	0	27796700	0	75.16	nan	32061424	0	16030712	0	16030712	0	18640426	0	58.14	nan	21110188	0	1766646	0	5.51	nan	143368	0	78212	0	36981290
ACR-173-TP3-hisat2_output	46525312	0	5007188	0	0	0	0	0	36721543	0	78.93	nan	41518124	0	20759062	0	20759062	0	24519112	0	59.06	nan	29483934	0	2230421	0	5.37	nan	148816	0	72648	0	46525312
ACR-173-TP4-hisat2_output	39785935	0	5338975	0	0	0	0	0	30109999	0	75.68	nan	34446960	0	17223480	0	17223480	0	18429556	0	53.5	nan	23255218	0	1515806	0	4.4	nan	141430	0	54995	0	39785935
ACR-186-TP1-hisat2_output	36082259	0	2995977	0	0	0	0	0	22081067	0	61.2	nan	33086282	0	16543141	0	16543141	0	13628464	0	41.19	nan	18025714	0	1059376	0	3.2	nan	106970	0	38753	0	36082259
ACR-186-TP2-hisat2_output	38827463	0	4465805	0	0	0	0	0	30232775	0	77.86	nan	34361658	0	17180829	0	17180829	0	21339978	0	62.1	nan	23872250	0	1894720	0	5.51	nan	121740	0	68151	0	38827463
ACR-186-TP3-hisat2_output	35541264	0	3053330	0	0	0	0	0	27259468	0	76.7	nan	32487934	0	16243967	0	16243967	0	18455710	0	56.81	nan	22477878	0	1728260	0	5.32	nan	110088	0	53321	0	35541264
ACR-186-TP4-hisat2_output	41893016	0	5143216	0	0	0	0	0	34186575	0	81.6	nan	36749800	0	18374900	0	18374900	0	23846212	0	64.89	nan	26977952	0	2065407	0	5.62	nan	138036	0	77811	0	41893016
ACR-225-TP1-hisat2_output	38585242	0	5497752	0	0	0	0	0	30666331	0	79.48	nan	33087490	0	16543745	0	16543745	0	19983078	0	60.39	nan	23390078	0	1778501	0	5.38	nan	120854	0	61318	0	38585242
ACR-225-TP2-hisat2_output	44657027	0	5801525	0	0	0	0	0	34840750	0	78.02	nan	38855502	0	19427751	0	19427751	0	23314964	0	60.0	nan	26521380	0	2517845	0	6.48	nan	220812	0	119694	0	44657027
ACR-225-TP3-hisat2_output	46960476	0	6137004	0	0	0	0	0	37212061	0	79.24	nan	40823472	0	20411736	0	20411736	0	24633020	0	60.34	nan	28747562	0	2327495	0	5.7	nan	172528	0	87502	0	46960476
ACR-225-TP4-hisat2_output	36448367	0	4579883	0	0	0	0	0	28032083	0	76.91	nan	31868484	0	15934242	0	15934242	0	18170902	0	57.02	nan	21884474	0	1567726	0	4.92	nan	110240	0	52010	0	36448367
ACR-229-TP1-hisat2_output	49611408	0	6504330	0	0	0	0	0	41041241	0	82.73	nan	43107078	0	21553539	0	21553539	0	27953212	0	64.85	nan	32057032	0	2479879	0	5.75	nan	183630	0	100579	0	49611408
ACR-229-TP2-hisat2_output	41804497	0	4130011	0	0	0	0	0	33314081	0	79.69	nan	37674486	0	18837243	0	18837243	0	23475502	0	62.31	nan	26897246	0	2286824	0	6.07	nan	170118	0	92572	0	41804497
ACR-229-TP3-hisat2_output	38647851	0	4476661	0	0	0	0	0	31195451	0	80.72	nan	34171190	0	17085595	0	17085595	0	21792040	0	63.77	nan	24562148	0	2156642	0	6.31	nan	165346	0	91216	0	38647851
ACR-229-TP4-hisat2_output	52021615	0	6972539	0	0	0	0	0	38038728	0	73.12	nan	45049076	0	22524538	0	22524538	0	22136546	0	49.14	nan	29153862	0	1912327	0	4.24	nan	176306	0	72839	0	52021615
ACR-237-TP1-hisat2_output	49268825	0	5052071	0	0	0	0	0	39051178	0	79.26	nan	44216754	0	22108377	0	22108377	0	25970672	0	58.73	nan	31854366	0	2144741	0	4.85	nan	169986	0	80208	0	49268825
ACR-237-TP2-hisat2_output	37015260	0	3728002	0	0	0	0	0	26887089	0	72.64	nan	33287258	0	16643629	0	16643629	0	18747118	0	56.32	nan	21396492	0	1762595	0	5.3	nan	136020	0	73386	0	37015260
ACR-237-TP3-hisat2_output	39516201	0	4190733	0	0	0	0	0	32429673	0	82.07	nan	35325468	0	17662734	0	17662734	0	23465346	0	66.43	nan	26268932	0	1970008	0	5.58	nan	155082	0	85544	0	39516201
ACR-237-TP4-hisat2_output	54803260	0	7317062	0	0	0	0	0	43412338	0	79.21	nan	47486198	0	23743099	0	23743099	0	28149372	0	59.28	nan	33886634	0	2208642	0	4.65	nan	155842	0	77007	0	54803260
ACR-244-TP1-hisat2_output	41350474	0	2451060	0	0	0	0	0	21271909	0	51.44	nan	38899414	0	19449707	0	19449707	0	14997754	0	38.56	nan	17527418	0	1293431	0	3.33	nan	89210	0	45369	0	41350474
ACR-244-TP2-hisat2_output	48085956	0	4706066	0	0	0	0	0	36030742	0	74.93	nan	43379890	0	21689945	0	21689945	0	25397556	0	58.55	nan	28959512	0	2365164	0	5.45	nan	204126	0	108802	0	48085956
ACR-244-TP3-hisat2_output	51806578	0	7245510	0	0	0	0	0	41351806	0	79.82	nan	44561068	0	22280534	0	22280534	0	27837126	0	62.47	nan	31254986	0	2851310	0	6.4	nan	278434	0	153135	0	51806578
ACR-244-TP4-hisat2_output	49058997	0	5151379	0	0	0	0	0	36556206	0	74.51	nan	43907618	0	21953809	0	21953809	0	23263116	0	52.98	nan	29462260	0	1942567	0	4.42	nan	142012	0	63108	0	49058997
ACR-265-TP1-hisat2_output	69839168	0	11238698	0	0	0	0	0	53599313	0	76.75	nan	58600470	0	29300235	0	29300235	0	31296506	0	53.41	nan	39770686	0	2589929	0	4.42	nan	231370	0	98017	0	69839168
ACR-265-TP2-hisat2_output	47908713	0	5272435	0	0	0	0	0	38010387	0	79.34	nan	42636278	0	21318139	0	21318139	0	26103398	0	61.22	nan	30185084	0	2552868	0	5.99	nan	212438	0	114095	0	47908713
ACR-265-TP3-hisat2_output	50564759	0	8190355	0	0	0	0	0	39712538	0	78.54	nan	42374404	0	21187202	0	21187202	0	24237828	0	57.2	nan	29141464	0	2380719	0	5.62	nan	234400	0	112874	0	50564759
ACR-265-TP4-hisat2_output	53683319	0	5953491	0	0	0	0	0	40687777	0	75.79	nan	47729828	0	23864914	0	23864914	0	26489384	0	55.5	nan	32581124	0	2153162	0	4.51	nan	145256	0	66804	0	53683319
