Sample	total_passed	total_failed	secondary_passed	secondary_failed	supplementary_passed	supplementary_failed	duplicates_passed	duplicates_failed	mapped_passed	mapped_failed	mapped_passed_pct	mapped_failed_pct	paired in sequencing_passed	paired in sequencing_failed	read1_passed	read1_failed	read2_passed	read2_failed	properly paired_passed	properly paired_failed	properly paired_passed_pct	properly paired_failed_pct	with itself and mate mapped_passed	with itself and mate mapped_failed	singletons_passed	singletons_failed	singletons_passed_pct	singletons_failed_pct	with mate mapped to a different chr_passed	with mate mapped to a different chr_failed	with mate mapped to a different chr (mapQ >= 5)_passed	with mate mapped to a different chr (mapQ >= 5)_failed	flagstat_total
POC-201-TP1-hisat2_output	41174050	0	1776204	0	0	0	0	0	29364379	0	71.32	nan	39397846	0	19698923	0	19698923	0	21916286	0	55.63	nan	24820010	0	2768165	0	7.03	nan	103160	0	62253	0	41174050
POC-201-TP2-hisat2_output	45517777	0	3028731	0	0	0	0	0	30854809	0	67.79	nan	42489046	0	21244523	0	21244523	0	21901144	0	51.55	nan	24890640	0	2935438	0	6.91	nan	138972	0	75634	0	45517777
POC-201-TP3-hisat2_output	32673502	0	1014628	0	0	0	0	0	14602360	0	44.69	nan	31658874	0	15829437	0	15829437	0	10316838	0	32.59	nan	12282194	0	1305538	0	4.12	nan	41154	0	21172	0	32673502
POC-219-TP1-hisat2_output	42562141	0	1808323	0	0	0	0	0	28919178	0	67.95	nan	40753818	0	20376909	0	20376909	0	21313324	0	52.3	nan	24333670	0	2777185	0	6.81	nan	83574	0	51139	0	42562141
POC-219-TP2-hisat2_output	38781495	0	1686739	0	0	0	0	0	24912143	0	64.24	nan	37094756	0	18547378	0	18547378	0	18267428	0	49.25	nan	20739990	0	2485414	0	6.7	nan	81550	0	48221	0	38781495
POC-219-TP3-hisat2_output	42307122	0	410700	0	0	0	0	0	7823100	0	18.49	nan	41896422	0	20948211	0	20948211	0	5628860	0	13.44	nan	6766238	0	646162	0	1.54	nan	15184	0	7671	0	42307122
POC-219-TP4-hisat2_output	39567889	0	1403201	0	0	0	0	0	22463089	0	56.77	nan	38164688	0	19082344	0	19082344	0	16130536	0	42.27	nan	18961604	0	2098284	0	5.5	nan	67132	0	38049	0	39567889
POC-222-TP1-hisat2_output	40164884	0	1917018	0	0	0	0	0	29343758	0	73.06	nan	38247866	0	19123933	0	19123933	0	21801930	0	57.0	nan	24578610	0	2848130	0	7.45	nan	116156	0	71045	0	40164884
POC-222-TP2-hisat2_output	45803207	0	2122579	0	0	0	0	0	30439060	0	66.46	nan	43680628	0	21840314	0	21840314	0	22227008	0	50.89	nan	25162972	0	3153509	0	7.22	nan	127974	0	75890	0	45803207
POC-222-TP3-hisat2_output	47218626	0	2280362	0	0	0	0	0	34523236	0	73.11	nan	44938264	0	22469132	0	22469132	0	25712144	0	57.22	nan	29085596	0	3157278	0	7.03	nan	109912	0	66487	0	47218626
POC-222-TP4-hisat2_output	34657515	0	1534761	0	0	0	0	0	23720144	0	68.44	nan	33122754	0	16561377	0	16561377	0	17146576	0	51.77	nan	19882574	0	2302809	0	6.95	nan	76794	0	45072	0	34657515
POC-255-TP1-hisat2_output	39199349	0	1567055	0	0	0	0	0	26876099	0	68.56	nan	37632294	0	18816147	0	18816147	0	19859110	0	52.77	nan	22769232	0	2539812	0	6.75	nan	106866	0	62331	0	39199349
POC-255-TP2-hisat2_output	41599630	0	1794272	0	0	0	0	0	27848509	0	66.94	nan	39805358	0	19902679	0	19902679	0	20680698	0	51.95	nan	23288472	0	2765765	0	6.95	nan	95644	0	57306	0	41599630
POC-255-TP3-hisat2_output	49689338	0	1871112	0	0	0	0	0	25437574	0	51.19	nan	47818226	0	23909113	0	23909113	0	17830836	0	37.29	nan	21302946	0	2263516	0	4.73	nan	75486	0	39179	0	49689338
POC-255-TP4-hisat2_output	42689542	0	1817474	0	0	0	0	0	30134353	0	70.59	nan	40872068	0	20436034	0	20436034	0	22163132	0	54.23	nan	25518634	0	2798245	0	6.85	nan	99132	0	59138	0	42689542
POC-259-TP1-hisat2_output	37038914	0	1595780	0	0	0	0	0	22827935	0	61.63	nan	35443134	0	17721567	0	17721567	0	16817694	0	47.45	nan	18855628	0	2376527	0	6.71	nan	100534	0	62356	0	37038914
POC-259-TP2-hisat2_output	43378839	0	2171743	0	0	0	0	0	27622208	0	63.68	nan	41207096	0	20603548	0	20603548	0	19839986	0	48.15	nan	22649952	0	2800513	0	6.8	nan	122788	0	71960	0	43378839
POC-259-TP3-hisat2_output	45070221	0	1558345	0	0	0	0	0	29223144	0	64.84	nan	43511876	0	21755938	0	21755938	0	21558132	0	49.55	nan	24698226	0	2966573	0	6.82	nan	82778	0	49500	0	45070221
POC-259-TP4-hisat2_output	39615382	0	1743744	0	0	0	0	0	28040543	0	70.78	nan	37871638	0	18935819	0	18935819	0	20912768	0	55.22	nan	23536862	0	2759937	0	7.29	nan	98304	0	59786	0	39615382
POC-40-TP1-hisat2_output	37469293	0	1753419	0	0	0	0	0	26166083	0	69.83	nan	35715874	0	17857937	0	17857937	0	19336714	0	54.14	nan	21625150	0	2787514	0	7.8	nan	110194	0	66767	0	37469293
POC-40-TP2-hisat2_output	43906135	0	1908159	0	0	0	0	0	30856671	0	70.28	nan	41997976	0	20998988	0	20998988	0	22828406	0	54.36	nan	25887902	0	3060610	0	7.29	nan	107150	0	62026	0	43906135
POC-40-TP3-hisat2_output	42459845	0	2201133	0	0	0	0	0	29904585	0	70.43	nan	40258712	0	20129356	0	20129356	0	21840306	0	54.25	nan	24715172	0	2988280	0	7.42	nan	123674	0	72409	0	42459845
POC-40-TP4-hisat2_output	39703973	0	1648693	0	0	0	0	0	28402790	0	71.54	nan	38055280	0	19027640	0	19027640	0	21009530	0	55.21	nan	23715984	0	3038113	0	7.98	nan	118004	0	70859	0	39703973
POC-42-TP1-hisat2_output	37406504	0	1710518	0	0	0	0	0	25828128	0	69.05	nan	35695986	0	17847993	0	17847993	0	18663564	0	52.28	nan	21341104	0	2776506	0	7.78	nan	102146	0	59582	0	37406504
POC-42-TP2-hisat2_output	45277636	0	1669720	0	0	0	0	0	31528090	0	69.63	nan	43607916	0	21803958	0	21803958	0	24095088	0	55.25	nan	26434244	0	3424126	0	7.85	nan	96876	0	61104	0	45277636
POC-42-TP3-hisat2_output	40734857	0	1758715	0	0	0	0	0	29021273	0	71.24	nan	38976142	0	19488071	0	19488071	0	21048366	0	54.0	nan	24347714	0	2914844	0	7.48	nan	90466	0	51579	0	40734857
POC-42-TP4-hisat2_output	32984694	0	1246804	0	0	0	0	0	18514322	0	56.13	nan	31737890	0	15868945	0	15868945	0	12569272	0	39.6	nan	15162836	0	2104682	0	6.63	nan	78690	0	43783	0	32984694
POC-52-TP1-hisat2_output	32269399	0	397391	0	0	0	0	0	5907282	0	18.31	nan	31872008	0	15936004	0	15936004	0	3891150	0	12.21	nan	5004916	0	504975	0	1.58	nan	16758	0	6692	0	32269399
POC-52-TP2-hisat2_output	43665618	0	1858142	0	0	0	0	0	29884124	0	68.44	nan	41807476	0	20903738	0	20903738	0	22207068	0	53.12	nan	25051768	0	2974214	0	7.11	nan	97898	0	57976	0	43665618
POC-52-TP3-hisat2_output	37292275	0	1491919	0	0	0	0	0	25062839	0	67.21	nan	35800356	0	17900178	0	17900178	0	18821986	0	52.57	nan	21282690	0	2288230	0	6.39	nan	72252	0	43630	0	37292275
POC-52-TP4-hisat2_output	36648945	0	1670895	0	0	0	0	0	26474241	0	72.24	nan	34978050	0	17489025	0	17489025	0	20152460	0	57.61	nan	22371744	0	2431602	0	6.95	nan	89700	0	56144	0	36648945
POC-53-TP1-hisat2_output	40782859	0	1815635	0	0	0	0	0	27296768	0	66.93	nan	38967224	0	19483612	0	19483612	0	20079862	0	51.53	nan	22697368	0	2783765	0	7.14	nan	118658	0	71448	0	40782859
POC-53-TP2-hisat2_output	39570322	0	1721688	0	0	0	0	0	26243359	0	66.32	nan	37848634	0	18924317	0	18924317	0	19538358	0	51.62	nan	21827778	0	2693893	0	7.12	nan	94358	0	56823	0	39570322
POC-53-TP3-hisat2_output	43106868	0	1927672	0	0	0	0	0	30009073	0	69.62	nan	41179196	0	20589598	0	20589598	0	22246526	0	54.02	nan	25273262	0	2808139	0	6.82	nan	102024	0	59667	0	43106868
POC-53-TP4-hisat2_output	40361251	0	1181629	0	0	0	0	0	23200989	0	57.48	nan	39179622	0	19589811	0	19589811	0	17593348	0	44.9	nan	19778044	0	2241316	0	5.72	nan	63870	0	38268	0	40361251
POC-57-TP1-hisat2_output	38309566	0	1873632	0	0	0	0	0	26847438	0	70.08	nan	36435934	0	18217967	0	18217967	0	19908300	0	54.64	nan	22241514	0	2732292	0	7.5	nan	109956	0	65915	0	38309566
POC-57-TP2-hisat2_output	39048221	0	1629123	0	0	0	0	0	23000517	0	58.9	nan	37419098	0	18709549	0	18709549	0	16080774	0	42.97	nan	18921490	0	2449904	0	6.55	nan	100544	0	55487	0	39048221
POC-57-TP3-hisat2_output	45458318	0	2246224	0	0	0	0	0	32840537	0	72.24	nan	43212094	0	21606047	0	21606047	0	24722778	0	57.21	nan	27470266	0	3124047	0	7.23	nan	119644	0	73981	0	45458318
POC-57-TP4-hisat2_output	42924069	0	1776237	0	0	0	0	0	31955524	0	74.45	nan	41147832	0	20573916	0	20573916	0	24227588	0	58.88	nan	27144532	0	3034755	0	7.38	nan	102480	0	62523	0	42924069
