Peve_00000150	sp|O49561|G2OX8_ARATH	30.000	280	168	8	3	279	42	296	8.27e-32	119
Peve_00000151	sp|O49561|G2OX8_ARATH	29.181	281	169	8	38	314	42	296	8.04e-31	117
Peve_00000209	sp|P38571|LICH_HUMAN	50.128	391	190	3	1	390	6	392	1.32e-140	404
Peve_00000296	sp|Q9Y2H2|SAC2_HUMAN	43.750	304	163	5	13	315	276	572	7.76e-75	247
Peve_00000384	sp|O07610|LCFB_BACSU	27.789	511	323	13	66	561	28	507	2.99e-54	189
Peve_00000528	sp|Q95UJ0|RAB7A_PAROT	35.185	216	125	7	1	211	1	206	1.14e-35	122
Peve_00000568	sp|Q9FNP1|PEX1_ARATH	33.750	240	153	4	80	317	841	1076	1.72e-37	140
Peve_00000594	sp|A4ECA9|HSDHB_COLAA	33.696	184	116	3	44	225	5	184	1.55e-26	102
Peve_00000626	sp|E9PUQ8|DGKD_MOUSE	33.333	339	175	12	86	415	154	450	5.29e-41	161
Peve_00000665	sp|Q9Y6A2|CP46A_HUMAN	36.853	483	294	6	25	507	18	489	5.69e-105	320
Peve_00000698	sp|P35569|IRS1_MOUSE	43.496	246	105	4	13	224	12	257	4.14e-56	206
Peve_00000715	sp|P25099|AA1R_RAT	30.333	300	176	8	30	312	13	296	4.15e-26	103
Peve_00000751	sp|P49888|ST1E1_HUMAN	37.849	251	139	7	639	876	44	290	6.15e-44	158
Peve_00000781	sp|Q15036|SNX17_HUMAN	42.105	494	250	8	1	482	1	470	5.61e-139	405
Peve_00000818	sp|P23141|EST1_HUMAN	33.989	559	316	19	14	548	24	553	2.70e-85	274
Peve_00000980	sp|Q9FNP1|PEX1_ARATH	46.266	482	236	11	664	1133	594	1064	3.02e-108	365
Peve_00001052	sp|Q86U10|LPP60_HUMAN	44.128	562	295	7	105	665	10	553	1.13e-146	437
Peve_00001054	sp|Q86U10|LPP60_HUMAN	45.863	556	289	6	11	564	8	553	2.75e-165	481
Peve_00001065	sp|P16444|DPEP1_HUMAN	50.529	378	171	8	26	396	14	382	2.81e-130	379
Peve_00001066	sp|P31429|DPEP1_RABIT	34.218	377	201	11	37	379	18	381	1.98e-61	201
Peve_00001193	sp|Q95UJ0|RAB7A_PAROT	34.921	189	112	4	1	184	1	183	6.46e-37	125
Peve_00001194	sp|Q95UJ0|RAB7A_PAROT	38.953	172	100	2	1	167	1	172	5.11e-38	128
Peve_00001195	sp|O97572|RAB7A_RABIT	37.500	176	106	1	1	172	1	176	2.67e-37	126
Peve_00001210	sp|Q9Y5C1|ANGL3_HUMAN	44.444	126	67	3	861	985	246	369	4.22e-27	113
Peve_00001212	sp|Q9Y5C1|ANGL3_HUMAN	37.327	217	128	6	882	1093	242	455	1.03e-39	151
Peve_00001219	sp|Q9Y5C1|ANGL3_HUMAN	39.720	214	119	7	881	1089	241	449	1.16e-39	150
Peve_00001220	sp|Q9Y5C1|ANGL3_HUMAN	38.679	212	122	4	894	1099	246	455	1.80e-39	150
Peve_00001257	sp|P05177|CP1A2_HUMAN	32.675	456	279	10	40	483	42	481	1.65e-68	226
Peve_00001258	sp|P05177|CP1A2_HUMAN	31.441	458	280	12	40	481	42	481	6.32e-63	211
Peve_00001259	sp|P05177|CP1A2_HUMAN	30.568	458	284	12	40	481	42	481	3.14e-63	212
Peve_00001261	sp|Q16678|CP1B1_HUMAN	31.304	460	285	15	38	481	49	493	4.84e-67	223
Peve_00001262	sp|P05177|CP1A2_HUMAN	28.723	470	253	13	40	446	42	492	5.41e-53	183
Peve_00001263	sp|P05177|CP1A2_HUMAN	32.403	466	283	13	40	492	42	488	9.80e-69	227
Peve_00001311	sp|B3DMA2|ACD11_RAT	63.636	165	57	1	3	164	615	779	9.05e-67	214
Peve_00001336	sp|Q9Y5C1|ANGL3_HUMAN	32.727	220	119	7	45	254	253	453	3.30e-28	115
Peve_00001337	sp|Q9Y5C1|ANGL3_HUMAN	33.632	223	134	8	461	680	242	453	6.00e-29	117
Peve_00001359	sp|Q8RY16|PEX6_ARATH	34.459	592	320	18	184	724	363	937	5.40e-89	298
Peve_00001372	sp|Q9Y5C1|ANGL3_HUMAN	41.935	124	69	3	175	297	246	367	8.11e-27	106
Peve_00001380	sp|Q9R182|ANGL3_MOUSE	32.463	268	165	9	1	259	194	454	9.86e-39	137
Peve_00001441	sp|O02663|UD2B9_MACFA	34.442	421	256	9	52	463	118	527	8.72e-78	249
Peve_00001454	sp|O02663|UD2B9_MACFA	32.010	403	250	8	36	425	116	507	2.06e-72	245
Peve_00001455	sp|O35244|PRDX6_RAT	68.912	193	59	1	6	197	32	224	3.51e-94	271
Peve_00001490	sp|Q95UJ0|RAB7A_PAROT	35.000	200	124	2	8	201	7	206	6.00e-42	138
Peve_00001522	sp|P07882|CEL_RAT	35.897	546	303	19	53	571	51	576	2.77e-83	270
Peve_00001529	sp|Q29608|DHI1_SAISC	30.837	227	134	7	42	260	31	242	1.33e-23	95.1
Peve_00001610	sp|Q08477|CP4F3_HUMAN	40.575	313	169	6	9	317	215	514	1.28e-66	215
Peve_00001653	sp|Q6MG55|ABHGA_RAT	44.681	564	271	9	1	531	1	556	6.13e-168	484
Peve_00001669	sp|Q8NCC3|PAG15_HUMAN	44.032	377	202	5	11	385	41	410	2.61e-114	337
Peve_00001870	sp|O35048|3BHS7_RAT	29.919	371	209	11	2	365	4	330	2.03e-38	137
Peve_00001876	sp|Q6NV34|DECR2_DANRE	28.458	253	169	4	5	249	33	281	1.15e-27	105
Peve_00001927	sp|P07633|PCCB_RAT	30.534	393	238	12	24	393	1	381	3.11e-36	140
Peve_00001961	sp|Q95UJ0|RAB7A_PAROT	36.715	207	124	4	483	683	1	206	1.69e-39	141
Peve_00001983	sp|O02663|UD2B9_MACFA	32.480	508	297	12	525	1001	34	526	6.52e-81	274
Peve_00001984	sp|O02663|UD2B9_MACFA	33.810	420	255	11	43	453	110	515	1.53e-68	233
Peve_00002027	sp|Q9UHK6|AMACR_HUMAN	26.000	400	260	12	32	424	3	373	2.03e-37	137
Peve_00002050	sp|P43034|LIS1_HUMAN	27.566	341	217	7	875	1210	93	408	6.22e-37	142
Peve_00002053	sp|P63005|LIS1_MOUSE	27.273	341	218	7	877	1212	93	408	2.93e-36	140
Peve_00002059	sp|Q9Y5C1|ANGL3_HUMAN	32.986	288	179	9	799	1077	173	455	5.48e-40	152
Peve_00002061	sp|Q9Y5C1|ANGL3_HUMAN	39.269	219	123	7	4	217	242	455	9.44e-45	152
Peve_00002062	sp|Q9Y5C1|ANGL3_HUMAN	36.321	212	112	6	504	694	246	455	4.19e-34	133
Peve_00002096	sp|P39518|LCF2_YEAST	29.680	657	402	14	75	684	91	734	2.69e-86	284
Peve_00002097	sp|Q61425|HCDH_MOUSE	66.202	287	97	0	43	329	27	313	1.62e-142	402
Peve_00002105	sp|P39518|LCF2_YEAST	28.013	614	380	19	22	583	91	694	1.02e-60	212
Peve_00002135	sp|O07610|LCFB_BACSU	21.663	457	332	7	75	519	46	488	6.83e-26	108
Peve_00002214	sp|P0C024|NUDT7_HUMAN	35.514	214	123	5	9	222	14	212	1.86e-34	121
Peve_00002215	sp|P0C024|NUDT7_HUMAN	37.264	212	118	5	9	220	14	210	6.28e-37	127
Peve_00002248	sp|P24392|PEX2_RAT	39.519	291	165	5	10	292	12	299	5.04e-72	221
Peve_00002402	sp|P08684|CP3A4_HUMAN	39.545	483	273	8	564	1041	25	493	1.29e-115	363
Peve_00002423	sp|P15651|ACADS_RAT	75.661	378	92	0	44	421	33	410	0.0	612
Peve_00002458	sp|Q9Y5C1|ANGL3_HUMAN	37.559	213	126	5	96	304	246	455	4.24e-41	145
Peve_00002772	sp|P05177|CP1A2_HUMAN	33.402	485	300	9	14	487	14	486	1.21e-86	273
Peve_00002785	sp|P08684|CP3A4_HUMAN	43.000	100	56	1	8	106	67	166	2.57e-23	90.1
Peve_00002890	sp|P63005|LIS1_MOUSE	29.730	222	144	2	413	622	104	325	4.80e-26	108
Peve_00002905	sp|P26440|IVD_HUMAN	66.351	422	138	1	1	418	4	425	0.0	594
Peve_00002968	sp|H9BW96|RAB7_EPICO	80.693	202	37	1	8	207	6	207	8.29e-122	341
Peve_00002969	sp|Q3SY69|AL1L2_HUMAN	33.814	485	296	10	29	497	446	921	1.07e-80	267
Peve_00003219	sp|Q3SY69|AL1L2_HUMAN	47.500	480	244	4	15	487	444	922	5.93e-136	412
Peve_00003242	sp|Q9UJM8|HAOX1_HUMAN	50.997	351	164	3	23	373	6	348	4.06e-129	372
Peve_00003252	sp|O02663|UD2B9_MACFA	29.039	458	293	9	77	510	72	521	4.38e-66	220
Peve_00003314	sp|Q9FNP1|PEX1_ARATH	29.913	575	302	14	219	767	566	1065	3.03e-56	206
Peve_00003332	sp|P36411|RAB7A_DICDI	37.278	169	101	2	16	179	8	176	1.46e-33	122
Peve_00003359	sp|Q38847|AGL15_ARATH	48.276	87	45	0	44	130	1	87	5.11e-22	93.2
Peve_00003361	sp|P49866|HNF4_DROME	31.701	388	238	7	68	442	142	515	2.65e-54	189
Peve_00003439	sp|P14882|PCCA_RAT	28.792	778	425	24	17	748	43	737	4.77e-65	234
Peve_00003462	sp|Q95UJ0|RAB7A_PAROT	42.073	164	89	3	54	213	10	171	1.42e-36	126
Peve_00003535	sp|Q8LGF7|PEX4_ARATH	36.000	125	65	3	30	152	28	139	1.16e-25	93.6
Peve_00003538	sp|Q3TIW9|ENPP7_MOUSE	33.894	416	219	11	28	411	30	421	1.30e-69	224
Peve_00003539	sp|Q6UWV6|ENPP7_HUMAN	36.881	404	224	12	25	413	33	420	2.54e-74	236
Peve_00003553	sp|Q04917|1433F_HUMAN	60.729	247	90	4	1	246	1	241	2.46e-98	285
Peve_00003625	sp|H1ZV38|GEOA_CASD6	29.524	420	239	13	9	425	8	373	4.30e-42	150
Peve_00003698	sp|Q8LGF7|PEX4_ARATH	38.281	128	65	3	296	415	31	152	2.26e-22	90.5
Peve_00003792	sp|Q3SY69|AL1L2_HUMAN	47.165	388	199	2	1	382	533	920	2.02e-123	376
Peve_00003840	sp|P97570|PLPL9_RAT	29.592	294	176	11	411	691	103	378	2.89e-21	96.3
Peve_00003847	sp|P97570|PLPL9_RAT	29.781	319	193	11	86	391	103	403	7.77e-23	102
Peve_00003879	sp|Q91ZA3|PCCA_MOUSE	43.046	453	251	5	90	540	53	500	1.85e-114	371
Peve_00003892	sp|Q9R182|ANGL3_MOUSE	32.911	237	137	7	56	281	228	453	1.74e-39	140
Peve_00003893	sp|Q9R182|ANGL3_MOUSE	34.091	220	122	8	200	407	245	453	5.69e-36	134
Peve_00004025	sp|Q60612|AA1R_MOUSE	33.333	309	175	8	51	339	22	319	5.91e-31	117
Peve_00004095	sp|P97819|PLPL9_MOUSE	25.155	322	209	5	178	471	146	463	7.53e-22	96.3
Peve_00004102	sp|O60733|PLPL9_HUMAN	28.137	263	177	5	124	385	152	403	2.02e-21	97.8
Peve_00004130	sp|P47727|CBR1_RAT	48.736	277	117	7	1	252	1	277	4.69e-78	234
Peve_00004131	sp|P47727|CBR1_RAT	58.209	268	109	2	7	271	10	277	6.00e-114	327
Peve_00004143	sp|Q9UJM8|HAOX1_HUMAN	51.397	358	167	3	8	359	6	362	3.35e-131	377
Peve_00004174	sp|Q8K2J0|PLCD3_MOUSE	31.273	809	442	24	188	979	73	784	1.67e-100	331
Peve_00004187	sp|O60218|AK1BA_HUMAN	34.114	299	160	5	92	354	1	298	7.16e-52	172
Peve_00004239	sp|Q8RY16|PEX6_ARATH	30.307	815	442	26	371	1091	154	936	2.07e-82	286
Peve_00004242	sp|P09394|GLPQ_ECOLI	27.177	379	204	12	1	334	5	356	8.75e-30	115
Peve_00004269	sp|O94830|DDHD2_HUMAN	44.507	710	320	10	276	971	36	685	0.0	585
Peve_00004344	sp|Q02928|CP4AB_HUMAN	31.729	457	264	12	41	471	52	486	3.13e-61	206
Peve_00004351	sp|P10894|PLCB1_BOVIN	49.456	1011	426	11	16	1011	18	958	0.0	952
Peve_00004352	sp|P25455|PIP1_DROME	78.182	55	12	0	1	55	390	444	1.41e-27	99.8
Peve_00004356	sp|Q15147|PLCB4_HUMAN	46.349	671	321	7	812	1470	505	1148	0.0	591
Peve_00004363	sp|P36411|RAB7A_DICDI	40.361	166	93	3	12	172	8	172	1.14e-39	132
Peve_00004364	sp|P36411|RAB7A_DICDI	35.795	176	100	4	1	167	1	172	9.56e-31	108
Peve_00004544	sp|Q95UJ0|RAB7A_PAROT	38.806	201	111	5	9	199	8	206	5.35e-44	143
Peve_00004624	sp|Q9FS87|IVD_SOLTU	25.679	405	270	11	107	506	28	406	2.54e-22	97.8
Peve_00004630	sp|P30542|AA1R_HUMAN	29.010	293	191	7	10	291	17	303	1.11e-23	97.1
Peve_00004634	sp|Q60612|AA1R_MOUSE	28.659	328	205	8	34	350	14	323	7.37e-25	100
Peve_00004657	sp|Q60612|AA1R_MOUSE	31.661	319	173	11	343	627	17	324	2.86e-25	104
Peve_00004660	sp|Q60612|AA1R_MOUSE	29.758	289	160	8	40	295	21	299	2.02e-25	102
Peve_00004715	sp|Q32NH8|PLCD4_XENLA	41.270	756	415	10	79	825	15	750	0.0	575
Peve_00004744	sp|Q9Y5C1|ANGL3_HUMAN	37.788	217	124	7	4	215	246	456	1.74e-40	140
Peve_00004770	sp|Q64441|CP24A_MOUSE	27.443	481	330	7	45	524	52	514	1.28e-62	211
Peve_00004877	sp|Q9R182|ANGL3_MOUSE	38.418	177	104	4	413	588	245	417	4.79e-35	135
Peve_00004882	sp|Q9R182|ANGL3_MOUSE	33.796	216	131	7	468	676	245	455	2.23e-33	130
Peve_00004950	sp|Q8K2H4|ACAP1_MOUSE	35.897	117	74	1	16	131	409	525	2.00e-21	93.2
Peve_00005055	sp|Q9FNP1|PEX1_ARATH	38.261	230	118	6	241	468	867	1074	4.12e-36	144
Peve_00005057	sp|F8J2D3|PLB_DRYCN	44.473	389	158	11	2	366	145	499	6.38e-99	303
Peve_00005087	sp|A2AJ88|PLPL7_MOUSE	49.450	1272	561	16	62	1320	71	1273	0.0	1187
Peve_00005350	sp|P43033|LIS1_BOVIN	36.095	169	106	1	385	553	103	269	2.04e-29	117
Peve_00005399	sp|A8IW99|PLD6_CHLRE	48.780	164	84	0	53	216	59	222	1.81e-60	186
Peve_00005411	sp|P18067|RAB7A_CANLF	40.496	121	67	2	34	149	9	129	7.90e-22	87.0
Peve_00005527	sp|H1ZV37|GEOB_CASD6	35.575	461	283	3	61	508	9	468	1.30e-87	284
Peve_00005547	sp|Q14162|SREC_HUMAN	34.188	351	181	12	1031	1343	75	413	1.11e-48	186
Peve_00005561	sp|P08842|STS_HUMAN	37.267	161	89	4	1	149	1	161	1.81e-25	106
Peve_00005573	sp|Q9R182|ANGL3_MOUSE	33.953	215	133	5	5	213	242	453	5.92e-36	129
Peve_00005575	sp|Q9Y5C1|ANGL3_HUMAN	37.327	217	127	5	6	216	242	455	1.85e-40	140
Peve_00005765	sp|Q9XTR8|LIP1_CAEEL	31.596	307	188	6	37	325	27	329	2.88e-42	147
Peve_00005766	sp|Q9XTR8|LIP1_CAEEL	34.874	238	133	6	3	222	31	264	3.42e-37	130
Peve_00005767	sp|Q9XTR8|LIP1_CAEEL	32.895	304	180	8	40	324	31	329	6.27e-43	149
Peve_00005841	sp|Q8N3E9|PLCD3_HUMAN	30.667	750	409	21	193	925	82	737	1.13e-94	313
Peve_00005936	sp|P19835|CEL_HUMAN	37.640	178	97	5	1116	1288	561	729	9.83e-23	103
Peve_00005977	sp|O14678|ABCD4_HUMAN	48.447	322	155	4	19	336	270	584	7.09e-94	291
Peve_00006080	sp|P78329|CP4F2_HUMAN	36.049	491	278	16	61	535	2	472	1.69e-85	271
Peve_00006215	sp|O97572|RAB7A_RABIT	32.127	221	126	5	5	217	3	207	1.11e-28	104
Peve_00006258	sp|P63005|LIS1_MOUSE	66.667	411	124	3	1	399	1	410	0.0	597
Peve_00006474	sp|P08684|CP3A4_HUMAN	37.082	329	185	7	3	316	174	495	1.53e-60	198
Peve_00006506	sp|P55912|PRPE_SALTY	34.394	660	378	17	37	681	3	622	1.25e-119	369
Peve_00006605	sp|Q9Y5C1|ANGL3_HUMAN	31.559	263	165	7	100	358	202	453	3.50e-37	137
Peve_00006750	sp|Q8WTV0|SCRB1_HUMAN	33.262	466	290	11	1	465	1	446	6.42e-82	261
Peve_00006753	sp|Q60417|SCRB1_CRIGR	32.500	480	303	11	22	500	12	471	1.55e-72	236
Peve_00006779	sp|P07633|PCCB_RAT	31.944	504	293	15	63	542	37	514	2.14e-57	200
Peve_00006804	sp|O43808|PM34_HUMAN	56.811	301	118	5	29	322	4	299	1.25e-111	324
Peve_00006865	sp|Q95UJ0|RAB7A_PAROT	29.091	165	112	2	25	184	11	175	1.78e-25	95.9
Peve_00006866	sp|Q9M841|PEX12_ARATH	29.847	392	223	8	11	355	6	392	2.30e-47	162
Peve_00006892	sp|P23141|EST1_HUMAN	32.849	551	319	16	562	1084	24	551	7.75e-75	255
Peve_00006894	sp|P23141|EST1_HUMAN	33.696	552	320	14	576	1099	26	559	7.95e-77	261
Peve_00006912	sp|P97819|PLPL9_MOUSE	30.417	240	157	6	961	1195	152	386	1.66e-26	114
Peve_00006937	sp|P25099|AA1R_RAT	28.339	307	204	7	27	328	8	303	2.11e-25	101
Peve_00006966	sp|Q8CHN6|SGPL1_RAT	50.361	554	261	6	34	586	22	562	0.0	589
Peve_00007012	sp|Q7TMA5|APOB_RAT	40.816	196	116	0	232	427	4523	4718	1.53e-40	158
Peve_00007102	sp|Q9Y5C1|ANGL3_HUMAN	34.404	218	135	6	12	224	242	456	8.34e-37	131
Peve_00007103	sp|Q9Y5C1|ANGL3_HUMAN	36.279	215	128	6	415	624	246	456	1.78e-38	145
Peve_00007198	sp|A4YI89|HPCD_METS5	35.156	256	158	4	27	282	3	250	4.22e-40	138
Peve_00007231	sp|Q5RF65|GBA3_PONAB	49.684	475	224	7	41	511	2	465	6.69e-166	475
Peve_00007232	sp|Q5RF65|GBA3_PONAB	48.414	473	231	7	32	501	3	465	4.01e-161	463
Peve_00007360	sp|Q6DDP3|ENPP6_XENLA	35.948	153	79	3	8	148	251	396	1.22e-25	98.6
Peve_00007364	sp|Q6DDP3|ENPP6_XENLA	35.236	403	235	8	2	387	43	436	7.92e-75	238
Peve_00007365	sp|Q3TIW9|ENPP7_MOUSE	36.744	215	126	4	22	229	17	228	1.16e-39	139
Peve_00007379	sp|Q757H2|CSR1_EREGS	29.665	209	129	5	42	234	141	347	8.88e-26	107
Peve_00007389	sp|Q09128|CP24A_RAT	28.571	483	328	6	48	528	47	514	7.91e-68	224
Peve_00007390	sp|Q09128|CP24A_RAT	30.498	482	319	7	35	514	47	514	2.07e-74	241
Peve_00007419	sp|Q9R182|ANGL3_MOUSE	39.394	198	107	6	531	720	242	434	2.12e-37	144
Peve_00007466	sp|P17050|NAGAB_HUMAN	53.316	392	173	7	37	422	18	405	1.19e-150	431
Peve_00007470	sp|P17050|NAGAB_HUMAN	53.333	390	175	6	25	408	15	403	7.86e-151	431
Peve_00007568	sp|Q60612|AA1R_MOUSE	28.909	339	195	12	29	350	17	326	4.18e-27	110
Peve_00007692	sp|P36411|RAB7A_DICDI	35.417	192	101	4	12	199	8	180	1.41e-31	112
Peve_00007754	sp|Q1ZXF1|ECHM_DICDI	34.722	288	157	8	11	284	6	276	4.08e-43	146
Peve_00007764	sp|Q3SY69|AL1L2_HUMAN	49.772	438	212	4	3	433	444	880	4.72e-133	402
Peve_00007775	sp|H9BW96|RAB7_EPICO	29.240	171	115	4	14	179	8	177	6.55e-22	86.7
Peve_00007801	sp|Q2QRV3|PIOX_ORYSJ	34.948	578	331	18	147	707	66	615	2.16e-100	318
Peve_00007821	sp|Q3SY69|AL1L2_HUMAN	68.584	904	278	6	29	929	23	923	0.0	1273
Peve_00007945	sp|Q9XTR8|LIP1_CAEEL	33.003	303	173	8	74	351	25	322	1.73e-41	147
Peve_00007980	sp|Q8NCG7|DGLB_HUMAN	35.131	686	392	20	1	668	1	651	1.10e-126	388
Peve_00008001	sp|P52046|CRT_CLOAB	33.188	229	147	4	17	243	14	238	1.91e-31	115
Peve_00008003	sp|P52046|CRT_CLOAB	33.188	229	147	4	17	243	14	238	1.91e-31	115
Peve_00008027	sp|Q8EJW3|ACND_SHEON	42.754	835	431	11	20	844	12	809	0.0	677
Peve_00008082	sp|P08842|STS_HUMAN	39.855	138	71	6	32	157	24	161	4.11e-25	101
Peve_00008103	sp|Q5LUF3|PCCA_RUEPO	42.755	697	350	10	40	705	3	681	7.11e-173	509
Peve_00008115	sp|Q9R182|ANGL3_MOUSE	38.462	182	97	5	507	682	245	417	1.94e-35	137
Peve_00008132	sp|Q8RY16|PEX6_ARATH	37.805	246	142	7	160	399	644	884	3.58e-46	168
Peve_00008231	sp|Q5REG7|LIS1_PONAB	27.215	316	204	4	44	338	96	406	6.35e-37	134
Peve_00008300	sp|Q9R182|ANGL3_MOUSE	33.803	213	121	7	342	537	245	454	5.10e-30	120
Peve_00008303	sp|Q9R182|ANGL3_MOUSE	35.196	179	111	5	170	346	242	417	3.36e-28	112
Peve_00008305	sp|Q9R182|ANGL3_MOUSE	35.928	167	103	4	106	271	245	408	7.12e-27	111
Peve_00008306	sp|Q9R182|ANGL3_MOUSE	31.034	232	148	7	57	279	189	417	7.94e-30	115
Peve_00008487	sp|Q8HXX0|LIS1_MACFA	25.581	387	253	5	100	464	35	408	1.84e-36	136
Peve_00008491	sp|O54753|H17B6_RAT	44.516	310	153	8	32	338	14	307	9.06e-72	230
Peve_00008511	sp|P70584|ACDSB_RAT	64.624	359	127	0	55	413	52	410	0.0	514
Peve_00008519	sp|Q3T001|H17B6_BOVIN	45.425	306	160	7	19	320	4	306	2.16e-84	254
Peve_00008664	sp|F1RBC8|ABCD1_DANRE	56.957	690	268	5	53	727	59	734	0.0	813
Peve_00008680	sp|Q3SZB4|ACADM_BOVIN	63.043	138	48	1	1	138	21	155	9.70e-60	187
Peve_00008720	sp|P05183|CP3A2_RAT	41.945	329	173	6	32	352	176	494	1.10e-77	244
Peve_00008741	sp|P97819|PLPL9_MOUSE	30.645	248	160	7	1214	1455	149	390	7.80e-25	109
Peve_00008742	sp|P50416|CPT1A_HUMAN	49.285	769	383	4	1	766	1	765	0.0	783
Peve_00008763	sp|P45867|ACDA_BACSU	44.658	365	199	3	50	412	5	368	6.92e-105	313
Peve_00008766	sp|Q95UJ0|RAB7A_PAROT	31.156	199	122	6	11	195	9	206	1.01e-29	106
Peve_00008862	sp|P63005|LIS1_MOUSE	28.527	319	211	6	8	323	104	408	8.77e-31	120
Peve_00008868	sp|Q5BL38|CEGT_XENTR	45.269	391	206	4	16	400	3	391	2.82e-115	340
Peve_00008880	sp|O14495|PLPP3_HUMAN	31.365	271	163	6	2	267	29	281	3.76e-43	147
Peve_00008951	sp|Q3TIW9|ENPP7_MOUSE	32.979	470	267	14	50	511	7	436	1.65e-67	221
Peve_00008952	sp|Q3TIW9|ENPP7_MOUSE	32.909	471	266	14	3	464	7	436	4.08e-69	224
Peve_00008974	sp|F1CMX6|KSHA2_RHORH	28.940	349	206	11	107	437	16	340	7.12e-36	134
Peve_00008999	sp|O55171|ACOT2_RAT	31.466	232	149	4	1	229	204	428	1.38e-24	99.0
Peve_00009003	sp|O55171|ACOT2_RAT	35.835	413	237	8	2	413	44	429	1.96e-66	216
Peve_00009027	sp|Q9R182|ANGL3_MOUSE	36.449	214	123	6	79	284	245	453	9.73e-39	139
Peve_00009113	sp|P16640|CAMA_PSEPU	27.807	374	256	8	234	597	8	377	2.18e-44	161
Peve_00009152	sp|A0A140JWS5|PTMH_PENOH	35.751	193	106	9	5	192	4	183	2.62e-21	88.2
Peve_00009162	sp|Q9EQ06|DHB11_MOUSE	41.762	261	149	1	17	277	17	274	2.06e-72	223
Peve_00009184	sp|Q9Y5C1|ANGL3_HUMAN	32.579	221	124	6	341	540	238	454	9.87e-30	119
Peve_00009186	sp|Q9R182|ANGL3_MOUSE	37.089	213	121	7	44	246	245	454	4.74e-36	130
Peve_00009193	sp|Q9Y5C1|ANGL3_HUMAN	41.007	139	79	3	125	262	240	376	4.20e-28	108
Peve_00009227	sp|P08684|CP3A4_HUMAN	39.158	475	277	6	28	494	25	495	4.53e-113	341
Peve_00009259	sp|Q8WU67|ABHD3_HUMAN	47.649	319	159	3	1	319	93	403	2.62e-105	311
Peve_00009284	sp|Q9EP75|CP4FE_MOUSE	39.467	413	228	12	77	478	90	491	6.01e-91	285
Peve_00009330	sp|P26440|IVD_HUMAN	63.224	397	124	4	10	393	38	425	0.0	521
Peve_00009337	sp|P55809|SCOT1_HUMAN	68.750	480	144	3	10	483	30	509	0.0	676
Peve_00009460	sp|P97819|PLPL9_MOUSE	31.401	207	130	5	254	453	211	412	5.61e-22	97.8
Peve_00009666	sp|Q8WU67|ABHD3_HUMAN	47.568	370	186	3	25	394	42	403	7.53e-126	367
Peve_00009691	sp|P16640|CAMA_PSEPU	28.150	373	255	7	224	586	8	377	1.30e-47	169
Peve_00009697	sp|P28344|MASY_EMENI	50.664	527	251	6	5	524	9	533	0.0	527
Peve_00009698	sp|P28298|ACEA_EMENI	41.808	177	99	2	240	415	363	536	4.82e-40	147
Peve_00009740	sp|Q7XJJ7|FAAH_ARATH	31.034	435	245	12	55	469	191	590	3.67e-38	144
Peve_00009817	sp|Q9NYA1|SPHK1_HUMAN	37.470	411	189	9	136	529	10	369	2.42e-77	246
Peve_00009844	sp|O60218|AK1BA_HUMAN	36.120	299	162	6	7	282	7	299	1.27e-54	177
Peve_00009931	sp|P97813|PLD2_MOUSE	46.914	810	390	12	11	818	162	933	0.0	715
Peve_00009968	sp|P97819|PLPL9_MOUSE	31.496	254	145	9	76	320	152	385	3.30e-21	92.8
Peve_00010023	sp|P08842|STS_HUMAN	43.066	137	67	3	11	136	25	161	8.38e-27	111
Peve_00010033	sp|Q8HXX0|LIS1_MACFA	28.188	298	170	8	222	487	123	408	3.48e-29	116
Peve_00010060	sp|P14419|PA21B_SHEEP	40.323	124	64	3	1	122	8	123	2.75e-22	82.4
Peve_00010077	sp|Q2KIM0|FUCO_BOVIN	57.604	434	180	3	24	457	39	468	0.0	536
Peve_00010079	sp|Q8NBK3|SUMF1_HUMAN	43.793	290	144	5	37	310	80	366	1.89e-79	244
Peve_00010095	sp|O15528|CP27B_HUMAN	28.689	244	164	4	3	243	272	508	3.07e-28	109
Peve_00010097	sp|Q07973|CP24A_HUMAN	29.847	459	262	7	91	531	98	514	1.89e-62	211
Peve_00010098	sp|Q09128|CP24A_RAT	30.020	493	312	11	30	514	47	514	7.46e-71	232
Peve_00010237	sp|P97819|PLPL9_MOUSE	30.657	274	174	8	230	495	121	386	1.14e-27	116
Peve_00010247	sp|G5EEM9|PLA1_CAEEL	29.910	779	430	26	11	738	116	829	6.93e-86	286
Peve_00010277	sp|P08842|STS_HUMAN	43.262	141	68	4	32	160	21	161	5.63e-25	108
Peve_00010301	sp|Q8RY16|PEX6_ARATH	37.917	240	144	5	137	373	645	882	1.54e-47	171
Peve_00010422	sp|Q92485|ASM3B_HUMAN	44.771	306	163	3	1	303	3	305	1.22e-88	285
Peve_00010452	sp|Q9FNP1|PEX1_ARATH	35.193	233	139	4	353	581	838	1062	1.93e-35	141
Peve_00010640	sp|Q9SYU4|PEX10_ARATH	31.285	358	180	7	2	296	26	380	2.03e-53	176
Peve_00010690	sp|Q8HXX0|LIS1_MACFA	28.179	291	175	7	13	298	146	407	2.75e-27	107
Peve_00010728	sp|Q58DM8|ECHM_BOVIN	68.045	266	85	0	29	294	25	290	1.15e-136	385
Peve_00010859	sp|P55912|PRPE_SALTY	34.837	643	382	12	43	666	3	627	2.14e-117	364
Peve_00010869	sp|P08684|CP3A4_HUMAN	27.119	413	269	15	74	466	66	466	1.92e-30	121
Peve_00010959	sp|Q9HCS2|CP4FC_HUMAN	30.238	463	286	14	42	486	48	491	4.34e-59	201
Peve_00010980	sp|Q60417|SCRB1_CRIGR	35.129	464	272	12	13	472	5	443	2.39e-79	264
Peve_00011010	sp|Q9Y5C1|ANGL3_HUMAN	35.616	219	129	6	36	247	242	455	1.25e-37	134
Peve_00011089	sp|P04799|CP1A2_RAT	35.050	505	289	11	20	509	21	501	1.45e-95	296
Peve_00011095	sp|Q95UJ0|RAB7A_PAROT	36.517	178	109	1	10	183	6	183	2.07e-34	119
Peve_00011114	sp|Q8IVS2|FABD_HUMAN	39.130	322	183	5	25	343	63	374	8.79e-78	241
Peve_00011116	sp|P04799|CP1A2_RAT	33.932	501	303	10	46	537	19	500	1.45e-92	290
Peve_00011191	sp|Q711G3|IAH1_RAT	43.548	124	68	2	5	127	14	136	1.66e-32	112
Peve_00011193	sp|Q8HXX0|LIS1_MACFA	27.532	316	189	9	439	725	104	408	4.09e-25	105
Peve_00011225	sp|Q9D0S9|HINT2_MOUSE	56.757	111	47	1	7	117	54	163	8.50e-47	145
Peve_00011444	sp|Q8RY16|PEX6_ARATH	50.000	86	42	1	115	200	653	737	7.58e-21	87.0
Peve_00011448	sp|Q6P7S1|ASAH1_RAT	46.505	329	170	3	5	328	9	336	5.80e-118	343
Peve_00011538	sp|O49561|G2OX8_ARATH	27.636	275	179	6	6	280	43	297	5.82e-34	124
Peve_00011540	sp|P05183|CP3A2_RAT	38.171	503	295	9	5	497	1	497	3.15e-108	328
Peve_00011678	sp|Q8RY16|PEX6_ARATH	37.903	248	130	8	261	497	653	887	1.43e-38	148
Peve_00011736	sp|P36411|RAB7A_DICDI	33.146	178	108	4	1261	1433	8	179	6.23e-27	107
Peve_00011839	sp|P97570|PLPL9_RAT	28.295	258	175	6	263	515	151	403	1.63e-26	111
Peve_00011860	sp|Q9Y5C1|ANGL3_HUMAN	37.281	228	132	8	27	249	234	455	2.17e-39	139
Peve_00011861	sp|Q9Y5C1|ANGL3_HUMAN	37.727	220	127	7	4	218	241	455	2.06e-39	138
Peve_00011919	sp|O07610|LCFB_BACSU	34.592	503	306	9	192	680	16	509	6.28e-83	278
Peve_00011920	sp|O07610|LCFB_BACSU	33.198	491	304	9	221	696	28	509	6.99e-79	258
Peve_00012014	sp|P36411|RAB7A_DICDI	35.897	195	108	4	67	257	8	189	2.76e-31	119
Peve_00012050	sp|Q9D0S9|HINT2_MOUSE	56.757	111	47	1	7	117	54	163	4.07e-48	149
Peve_00012068	sp|Q8RY16|PEX6_ARATH	31.010	287	167	8	167	433	655	930	2.50e-33	130
Peve_00012106	sp|Q8BWU8|AT2L1_MOUSE	40.046	432	232	9	24	448	13	424	3.30e-102	311
Peve_00012132	sp|Q16822|PCKGM_HUMAN	64.542	612	208	5	647	1252	32	640	0.0	833
Peve_00012274	sp|Q52995|ECHH_RHIME	32.124	193	114	4	38	224	6	187	2.14e-29	112
Peve_00012447	sp|Q9P1Q0|VPS54_HUMAN	44.387	962	430	16	91	980	45	973	0.0	760
Peve_00012559	sp|Q3TIW9|ENPP7_MOUSE	31.807	415	255	12	1	399	9	411	2.76e-62	204
Peve_00012645	sp|P17178|CP27A_RAT	32.026	459	301	7	82	537	83	533	2.03e-79	256
Peve_00012682	sp|P16640|CAMA_PSEPU	26.087	368	235	10	18	380	8	343	6.69e-25	103
Peve_00012723	sp|Q95UJ0|RAB7A_PAROT	37.714	175	104	2	181	350	8	182	5.61e-33	120
Peve_00012860	sp|Q8BH82|NAPEP_MOUSE	51.105	362	150	4	3	358	47	387	6.67e-134	385
Peve_00012876	sp|Q29550|EST1_PIG	36.298	551	311	14	32	563	25	554	1.18e-100	313
Peve_00012877	sp|Q29550|EST1_PIG	35.714	588	308	17	488	1039	7	560	3.29e-90	297
Peve_00012909	sp|P54310|LIPS_MOUSE	36.020	819	425	16	21	816	2	744	1.63e-152	462
Peve_00012936	sp|Q9HCS2|CP4FC_HUMAN	31.970	269	159	7	526	772	250	516	6.22e-30	122
Peve_00013037	sp|Q8N9F7|GDPD1_HUMAN	50.162	309	146	4	50	354	10	314	1.82e-109	320
Peve_00013040	sp|Q9R182|ANGL3_MOUSE	44.882	127	66	4	160	285	244	367	1.25e-29	114
Peve_00013041	sp|Q9Y5C1|ANGL3_HUMAN	33.184	223	125	10	162	372	246	456	6.72e-24	99.8
Peve_00013043	sp|Q9R182|ANGL3_MOUSE	37.788	217	123	8	6	216	244	454	3.18e-39	137
Peve_00013044	sp|Q9R182|ANGL3_MOUSE	45.614	114	59	3	2	114	249	360	1.38e-25	102
Peve_00013063	sp|Q9R182|ANGL3_MOUSE	37.500	176	97	7	410	578	242	411	9.94e-27	111
Peve_00013091	sp|Q95UJ0|RAB7A_PAROT	38.764	178	100	3	1	174	1	173	2.20e-34	119
Peve_00013092	sp|O97572|RAB7A_RABIT	32.184	174	113	3	9	181	10	179	5.99e-24	92.0
Peve_00013155	sp|P05177|CP1A2_HUMAN	34.831	267	161	6	9	272	186	442	1.84e-47	163
Peve_00013172	sp|P05177|CP1A2_HUMAN	39.301	229	133	2	300	527	263	486	2.83e-54	189
Peve_00013257	sp|Q6QT07|BCDO2_MUSPF	39.962	528	272	17	10	504	23	538	7.36e-122	365
Peve_00013481	sp|Q8EJW3|ACND_SHEON	26.894	792	462	28	94	778	78	859	7.42e-56	203
Peve_00013503	sp|D4A1J4|DHRS6_RAT	35.391	243	150	6	4	241	3	243	5.38e-32	115
Peve_00013532	sp|P43033|LIS1_BOVIN	31.310	313	192	5	18	312	100	407	1.43e-44	154
Peve_00013550	sp|Q95UJ0|RAB7A_PAROT	35.461	141	87	1	3	139	8	148	1.41e-31	109
Peve_00013591	sp|F1R6N4|ECHD1_DANRE	48.375	277	137	3	22	294	27	301	7.90e-85	254
Peve_00013614	sp|Q6UPE1|ETFD_RAT	77.311	595	132	1	14	605	22	616	0.0	980
Peve_00013897	sp|Q92485|ASM3B_HUMAN	29.703	404	231	13	93	482	1	365	9.38e-40	147
Peve_00014086	sp|Q95UJ0|RAB7A_PAROT	38.415	164	96	3	35	193	9	172	2.70e-35	122
Peve_00014113	sp|Q9Y5C1|ANGL3_HUMAN	38.785	214	122	6	90	298	246	455	5.48e-41	145
Peve_00014141	sp|P08842|STS_HUMAN	47.849	581	283	11	8	577	10	581	0.0	541
Peve_00014158	sp|Q9Y2H2|SAC2_HUMAN	49.486	778	358	9	1	755	1	766	0.0	738
Peve_00014159	sp|P25099|AA1R_RAT	27.184	309	191	9	47	334	1	296	4.67e-22	92.8
Peve_00014195	sp|Q9Y4D2|DGLA_HUMAN	34.951	824	465	14	1	788	1	789	1.69e-150	474
Peve_00014226	sp|P49866|HNF4_DROME	30.270	370	208	8	28	391	142	467	1.41e-46	167
Peve_00014227	sp|Q8LGF7|PEX4_ARATH	44.262	122	61	3	6	124	7	124	2.81e-25	94.4
Peve_00014486	sp|Q8R431|MGLL_RAT	33.146	178	115	2	1	175	118	294	4.82e-32	114
Peve_00014487	sp|Q29548|HEXB_PIG	33.191	235	142	4	24	243	31	265	3.50e-31	117
Peve_00014491	sp|Q29548|HEXB_PIG	28.355	529	285	16	25	500	32	519	9.52e-46	165
Peve_00014493	sp|Q8R431|MGLL_RAT	30.797	276	146	7	12	247	24	294	8.16e-39	134
Peve_00014495	sp|P20645|MPRD_HUMAN	37.104	221	119	7	62	274	69	277	2.54e-45	151
Peve_00014524	sp|P79384|PCCB_PIG	31.373	510	311	10	53	547	34	519	9.77e-69	229
Peve_00014586	sp|Q8LGF7|PEX4_ARATH	37.600	125	74	4	30	151	29	152	1.90e-24	90.1
Peve_00014607	sp|Q6JQN1|ACD10_HUMAN	56.869	990	401	4	36	1001	42	1029	0.0	1155
Peve_00014643	sp|Q5R4G2|PA1B2_PONAB	37.500	208	121	5	292	498	24	223	4.93e-32	122
Peve_00014688	sp|Q6UWV6|ENPP7_HUMAN	40.187	214	121	5	10	220	190	399	3.23e-46	156
Peve_00014697	sp|O14678|ABCD4_HUMAN	56.209	153	67	0	3	155	119	271	1.84e-57	186
Peve_00014701	sp|O14678|ABCD4_HUMAN	45.185	135	74	0	2	136	7	141	1.35e-32	117
Peve_00014710	sp|Q5REG7|LIS1_PONAB	24.138	319	204	6	409	703	104	408	8.10e-21	93.2
Peve_00014814	sp|Q0VD19|ASM_BOVIN	46.768	526	271	7	52	572	85	606	5.73e-163	476
Peve_00014913	sp|Q0V8L6|PLD2_BOVIN	38.006	642	351	17	26	660	319	920	2.18e-132	410
Peve_00014918	sp|Q9D0S9|HINT2_MOUSE	62.727	110	41	0	6	115	54	163	1.76e-54	165
Peve_00014920	sp|P13804|ETFA_HUMAN	71.656	314	88	1	25	338	18	330	3.78e-167	466
Peve_00015169	sp|P45953|ACADV_RAT	46.278	618	328	4	1	615	39	655	0.0	546
Peve_00015295	sp|Q8ZES9|LCFA_YERPE	27.176	563	324	14	91	606	30	553	2.38e-49	177
Peve_00015302	sp|B3DMA2|ACD11_RAT	54.968	775	334	8	8	774	12	779	0.0	882
Peve_00015310	sp|B3DMA2|ACD11_RAT	63.636	165	57	1	3	164	615	779	1.63e-66	213
Peve_00015321	sp|P96831|ACD2_MYCTU	41.791	201	69	4	794	994	243	395	2.58e-40	152
Peve_00015332	sp|Q5XHG1|NSMA3_XENLA	34.592	821	417	27	1	749	13	785	1.26e-127	398
Peve_00015391	sp|Q9NP80|PLPL8_HUMAN	48.166	409	209	3	48	455	358	764	1.40e-141	422
Peve_00015398	sp|Q5M868|GBA2_RAT	51.303	844	365	8	47	877	65	875	0.0	832
Peve_00015410	sp|Q15036|SNX17_HUMAN	28.571	441	279	10	141	553	3	435	9.15e-42	154
Peve_00015445	sp|Q29548|HEXB_PIG	30.388	464	255	14	25	435	32	480	1.73e-46	166
Peve_00015505	sp|Q9H6V9|LDAH_HUMAN	31.464	321	203	6	38	347	10	324	3.85e-51	171
Peve_00015511	sp|Q16760|DGKD_HUMAN	31.707	287	165	5	435	710	211	477	1.65e-32	133
Peve_00015538	sp|Q9H6V9|LDAH_HUMAN	36.593	317	183	5	11	318	13	320	1.49e-65	206
Peve_00015579	sp|H1ZV38|GEOA_CASD6	33.333	372	239	8	572	940	8	373	3.09e-48	173
Peve_00015583	sp|H1ZV38|GEOA_CASD6	33.609	363	231	8	1	358	8	365	1.13e-47	163
Peve_00015697	sp|P05177|CP1A2_HUMAN	32.159	454	281	10	40	480	42	481	1.06e-68	228
Peve_00015698	sp|P05177|CP1A2_HUMAN	31.712	473	293	12	38	496	42	498	2.17e-68	226
Peve_00015730	sp|P31327|CPSM_HUMAN	60.410	586	210	7	22	593	35	612	0.0	716
Peve_00015731	sp|P07756|CPSM_RAT	60.909	110	42	1	1	110	280	388	2.65e-44	150
Peve_00015834	sp|Q1JQE6|NCEH1_BOVIN	32.718	379	217	13	689	1038	18	387	5.32e-50	179
Peve_00015853	sp|O18824|SCRB1_BOVIN	34.081	446	262	11	9	444	46	469	8.57e-77	246
Peve_00015855	sp|O18824|SCRB1_BOVIN	32.577	485	295	11	28	502	7	469	4.00e-79	254
Peve_00015928	sp|Q9Y5C1|ANGL3_HUMAN	31.739	230	138	8	324	549	239	453	8.93e-33	128
Peve_00015931	sp|Q9Y5C1|ANGL3_HUMAN	33.480	227	139	7	34	257	236	453	8.48e-33	122
Peve_00015932	sp|Q9Y5C1|ANGL3_HUMAN	34.234	222	134	7	493	711	241	453	5.95e-32	127
Peve_00015933	sp|Q9Y5C1|ANGL3_HUMAN	32.394	213	132	6	23	232	246	449	6.34e-30	113
Peve_00015966	sp|Q9I2A0|LIUE_PSEAE	59.862	289	116	0	17	305	3	291	1.21e-132	377
Peve_00016032	sp|Q96PE7|MCEE_HUMAN	70.769	130	38	0	33	162	42	171	2.99e-62	203
Peve_00016042	sp|Q9W385|FRDA_DROME	50.649	154	54	3	34	182	52	188	6.36e-44	142
Peve_00016095	sp|Q60612|AA1R_MOUSE	29.758	289	160	8	40	295	21	299	2.49e-25	101
Peve_00016104	sp|Q9R182|ANGL3_MOUSE	35.616	219	128	8	390	601	243	455	3.26e-35	135
Peve_00016105	sp|Q9R182|ANGL3_MOUSE	34.091	220	126	6	513	722	245	455	1.60e-35	137
Peve_00016106	sp|Q9R182|ANGL3_MOUSE	37.963	216	116	8	205	409	245	453	1.54e-37	139
Peve_00016117	sp|O60218|AK1BA_HUMAN	46.552	290	151	3	335	621	1	289	9.66e-80	253
Peve_00016197	sp|P04114|APOB_HUMAN	24.211	1045	698	33	57	1057	39	1033	2.35e-66	250
Peve_00016220	sp|Q9HCS2|CP4FC_HUMAN	37.743	514	291	10	12	506	15	518	4.07e-121	363
Peve_00016236	sp|Q8NCC3|PAG15_HUMAN	38.519	135	74	3	7	137	280	409	5.05e-29	106
Peve_00016239	sp|Q8NCC3|PAG15_HUMAN	43.272	379	203	5	22	396	39	409	3.00e-108	322
Peve_00016245	sp|Q5IS43|LIS1_PANTR	33.579	271	145	7	9	254	144	404	6.08e-34	126
Peve_00016284	sp|Q95UJ0|RAB7A_PAROT	34.756	164	103	2	4	163	9	172	2.77e-30	107
Peve_00016285	sp|P63005|LIS1_MOUSE	31.627	332	175	12	638	932	92	408	2.40e-34	134
Peve_00016361	sp|O43808|PM34_HUMAN	32.333	300	184	4	18	309	3	291	2.81e-40	140
Peve_00016374	sp|Q95UJ0|RAB7A_PAROT	39.394	165	95	3	24	184	9	172	9.14e-37	125
Peve_00016430	sp|Q9R182|ANGL3_MOUSE	34.742	213	129	5	81	287	245	453	9.83e-39	139
Peve_00016431	sp|Q9R182|ANGL3_MOUSE	41.600	125	71	2	81	205	245	367	6.21e-27	108
Peve_00016543	sp|P28288|ABCD3_HUMAN	69.530	617	184	1	58	674	47	659	0.0	910
Peve_00016544	sp|P51869|CP4F4_RAT	45.342	483	239	9	44	510	43	516	2.28e-146	427
Peve_00016545	sp|P51869|CP4F4_RAT	43.154	482	255	9	44	512	43	518	7.25e-138	405
Peve_00016548	sp|P24008|S5A1_RAT	34.167	240	151	5	30	266	23	258	5.16e-41	139
Peve_00016589	sp|Q3TIW9|ENPP7_MOUSE	33.095	420	229	14	2	413	36	411	5.63e-58	198
Peve_00016623	sp|Q7XJJ7|FAAH_ARATH	30.162	431	266	8	574	995	190	594	3.14e-40	155
Peve_00016635	sp|Q9R182|ANGL3_MOUSE	30.738	244	139	9	328	566	217	435	5.26e-26	109
Peve_00016637	sp|Q9R182|ANGL3_MOUSE	31.660	259	147	11	246	484	186	434	1.13e-25	106
Peve_00016660	sp|O02663|UD2B9_MACFA	28.660	485	310	10	511	969	34	508	3.30e-64	223
Peve_00016661	sp|O02663|UD2B9_MACFA	39.013	223	131	2	387	609	277	494	7.21e-49	176
Peve_00016662	sp|O02663|UD2B9_MACFA	28.489	523	318	12	523	1012	10	509	2.19e-63	221
Peve_00016663	sp|O02663|UD2B9_MACFA	31.767	532	325	11	2	508	7	525	2.06e-83	265
Peve_00016733	sp|P17050|NAGAB_HUMAN	48.421	380	189	6	14	387	28	406	1.52e-131	381
Peve_00016735	sp|P17050|NAGAB_HUMAN	54.082	392	166	7	238	617	14	403	1.84e-138	421
Peve_00016809	sp|Q3TIW9|ENPP7_MOUSE	31.193	436	259	10	6	424	10	421	3.46e-65	213
Peve_00016851	sp|P47727|CBR1_RAT	62.140	243	89	2	1	240	35	277	2.28e-105	303
Peve_00016927	sp|Q9R182|ANGL3_MOUSE	35.681	213	128	5	758	965	245	453	8.68e-37	142
Peve_00016948	sp|P49888|ST1E1_HUMAN	38.909	275	149	9	40	303	28	294	1.05e-52	172
Peve_00016949	sp|P49888|ST1E1_HUMAN	39.933	298	156	10	587	873	9	294	7.01e-54	186
Peve_00016959	sp|Q64573|EST1F_RAT	31.239	573	339	15	4	545	3	551	6.58e-86	275
Peve_00016985	sp|Q5F2F2|ABH15_MOUSE	34.807	362	214	10	43	386	41	398	2.22e-61	203
Peve_00017091	sp|Q9FNP1|PEX1_ARATH	45.979	485	237	11	507	980	594	1064	5.81e-110	367
Peve_00017195	sp|Q95UJ0|RAB7A_PAROT	29.697	165	111	2	25	184	11	175	5.89e-26	97.1
Peve_00017200	sp|Q9M841|PEX12_ARATH	29.337	392	225	8	11	355	6	392	6.92e-44	153
Peve_00017203	sp|Q8BLJ3|PLCX3_MOUSE	37.134	307	187	5	20	324	12	314	5.95e-70	218
Peve_00017238	sp|P49866|HNF4_DROME	23.964	338	235	3	21	336	142	479	1.50e-34	131
Peve_00017419	sp|Q95UJ0|RAB7A_PAROT	35.714	182	112	2	187	363	1	182	4.86e-39	136
Peve_00017462	sp|P36411|RAB7A_DICDI	36.970	165	100	4	14	176	9	171	4.05e-28	103
Peve_00017476	sp|Q9Y5C1|ANGL3_HUMAN	27.972	286	181	9	92	368	184	453	3.82e-32	123
Peve_00017493	sp|Q5RC19|ACOX1_PONAB	44.923	650	345	4	25	665	1	646	0.0	573
Peve_00017515	sp|P38571|LICH_HUMAN	48.250	400	200	4	1	400	6	398	3.57e-140	403
Peve_00017545	sp|P49614|HEXB_FELCA	26.471	510	278	17	9	502	60	488	8.19e-32	126
Peve_00017665	sp|Q8RY16|PEX6_ARATH	30.463	627	358	18	294	867	288	889	4.80e-75	262
Peve_00017667	sp|Q9R182|ANGL3_MOUSE	34.031	191	119	5	432	620	233	418	5.03e-28	114
Peve_00017765	sp|Q6P1M0|S27A4_HUMAN	48.013	629	321	3	42	665	16	643	0.0	626
Peve_00017766	sp|Q91VE0|S27A4_MOUSE	47.009	585	298	7	4	579	62	643	0.0	551
Peve_00017775	sp|P49866|HNF4_DROME	31.129	363	203	7	199	550	141	467	5.55e-46	169
Peve_00017870	sp|Q8RY16|PEX6_ARATH	30.032	313	202	8	2	301	574	882	4.89e-30	119
Peve_00017895	sp|P05183|CP3A2_RAT	38.831	479	276	9	28	496	23	494	4.87e-113	341
Peve_00017897	sp|P08684|CP3A4_HUMAN	39.331	478	276	8	37	507	25	495	9.69e-113	340
Peve_00017927	sp|Q50I20|PRPC_ASPFM	50.538	465	212	7	4	460	5	459	2.27e-156	449
Peve_00017935	sp|Q9Y6A2|CP46A_HUMAN	23.382	479	329	14	240	690	21	489	5.77e-30	121
Peve_00017943	sp|O60218|AK1BA_HUMAN	36.120	299	162	6	7	282	7	299	4.45e-54	176
Peve_00017951	sp|Q1JQE6|NCEH1_BOVIN	35.032	314	170	11	21	314	80	379	5.24e-45	156
Peve_00018045	sp|O07610|LCFB_BACSU	29.927	548	327	9	64	599	7	509	6.27e-76	248
Peve_00018122	sp|P36411|RAB7A_DICDI	38.636	176	100	3	221	391	8	180	3.22e-30	116
Peve_00018150	sp|P36411|RAB7A_DICDI	38.372	172	95	4	8	174	10	175	3.20e-29	105
Peve_00018172	sp|O60218|AK1BA_HUMAN	33.451	284	174	6	361	630	5	287	8.35e-41	150
Peve_00018179	sp|Q9CR24|NUDT8_MOUSE	48.756	201	94	4	85	280	2	198	2.13e-51	166
Peve_00018289	sp|P23780|BGAL_MOUSE	37.692	650	341	20	37	653	28	646	7.05e-134	405
Peve_00018293	sp|P23780|BGAL_MOUSE	53.614	166	75	2	37	200	28	193	1.67e-55	184
Peve_00018354	sp|Q8BWT1|THIM_MOUSE	65.482	394	136	0	418	811	3	396	0.0	555
Peve_00018372	sp|P53982|IDHH_YEAST	60.660	394	151	2	1	393	13	403	1.44e-180	506
Peve_00018373	sp|Q9MYP6|DHB14_BOVIN	55.469	256	109	1	7	262	6	256	8.41e-100	290
Peve_00018374	sp|Q9MYP6|DHB14_BOVIN	55.078	256	110	2	7	262	6	256	1.99e-95	280
Peve_00018376	sp|Q9MYP6|DHB14_BOVIN	55.859	256	108	2	7	262	6	256	3.80e-97	283
Peve_00018407	sp|A0A140JWS5|PTMH_PENOH	34.536	194	116	6	24	215	4	188	1.36e-23	95.9
Peve_00018424	sp|Q6NV04|HACL2_DANRE	70.772	609	178	0	18	626	13	621	0.0	919
Peve_00018429	sp|Q29550|EST1_PIG	34.629	566	319	20	9	540	2	550	3.68e-86	276
Peve_00018463	sp|P17178|CP27A_RAT	32.222	180	116	3	3	182	224	397	4.47e-23	92.4
Peve_00018546	sp|Q5U2V4|PLBL1_RAT	53.125	480	210	7	13	489	60	527	3.16e-171	491
Peve_00018570	sp|Q8K009|AL1L2_MOUSE	28.481	474	322	10	66	529	457	923	8.04e-59	207
Peve_00018571	sp|Q3SY69|AL1L2_HUMAN	31.197	234	156	3	24	255	693	923	3.59e-35	130
Peve_00018607	sp|Q9R182|ANGL3_MOUSE	33.803	213	127	7	3	206	245	452	8.67e-26	107
Peve_00018649	sp|P63005|LIS1_MOUSE	23.793	290	198	2	84	353	123	409	5.51e-24	99.4
Peve_00018677	sp|Q3T0F5|RAB7A_BOVIN	33.168	202	113	6	11	195	8	204	8.90e-27	99.0
Peve_00018687	sp|Q6UPE1|ETFD_RAT	75.507	592	137	1	6	589	25	616	0.0	944
Peve_00018719	sp|O14495|PLPP3_HUMAN	36.905	252	141	5	11	261	40	274	4.53e-52	171
Peve_00018748	sp|P74334|ACOX_SYNY3	31.361	507	310	14	12	506	8	488	9.55e-76	244
Peve_00018886	sp|Q95UJ0|RAB7A_PAROT	37.255	204	118	3	21	219	8	206	3.44e-40	134
Peve_00018935	sp|P09849|LPH_RABIT	47.521	484	235	8	24	500	894	1365	4.21e-141	445
Peve_00018955	sp|P31327|CPSM_HUMAN	67.975	968	306	2	102	1066	533	1499	0.0	1423
Peve_00018969	sp|P9WGP7|Y2216_MYCTU	35.274	292	172	7	8	290	10	293	6.90e-48	159
Peve_00019000	sp|Q7XJJ7|FAAH_ARATH	29.439	428	241	11	95	500	190	578	2.55e-37	142
Peve_00019002	sp|Q7XJJ7|FAAH_ARATH	30.415	434	257	10	95	516	190	590	6.42e-44	161
Peve_00019163	sp|O02663|UD2B9_MACFA	38.182	275	166	2	545	819	255	525	1.96e-67	230
Peve_00019167	sp|O02663|UD2B9_MACFA	34.392	378	206	4	735	1112	190	525	7.40e-71	243
Peve_00019169	sp|O02663|UD2B9_MACFA	33.714	525	318	11	10	514	11	525	1.48e-96	300
Peve_00019199	sp|P9WMV8|CHOD_MYCTO	26.215	576	352	21	43	589	1	532	5.64e-29	121
Peve_00019209	sp|P22414|FOX2_CANTR	27.649	387	237	9	1309	1690	4	352	1.04e-27	119
Peve_00019238	sp|Q9Y5C1|ANGL3_HUMAN	32.812	192	116	7	4	186	266	453	2.78e-27	104
Peve_00019239	sp|Q9Y5C1|ANGL3_HUMAN	32.877	219	132	6	148	359	243	453	1.47e-35	132
Peve_00019247	sp|Q9Y5C1|ANGL3_HUMAN	33.032	221	132	6	187	400	242	453	4.55e-37	137
Peve_00019287	sp|P52826|CACP_COLLI	44.212	622	325	8	29	640	13	622	0.0	554
Peve_00019393	sp|Q60HG9|CPT2_MACFA	61.468	218	84	0	1	218	44	261	7.05e-94	285
Peve_00019422	sp|P04799|CP1A2_RAT	31.827	509	298	12	23	510	19	499	6.24e-84	266
Peve_00019425	sp|P04799|CP1A2_RAT	26.911	327	203	9	2	312	5	311	1.03e-28	113
Peve_00019535	sp|Q63010|EST5_RAT	50.000	112	51	1	1	107	133	244	1.84e-32	115
Peve_00019553	sp|O43808|PM34_HUMAN	29.276	304	192	6	18	313	3	291	4.83e-31	116
Peve_00019556	sp|P05183|CP3A2_RAT	40.291	412	232	8	1	401	89	497	5.28e-99	301
Peve_00019671	sp|Q9R182|ANGL3_MOUSE	34.978	223	123	6	5	214	242	455	3.47e-40	140
Peve_00019672	sp|Q9R182|ANGL3_MOUSE	36.111	180	108	5	463	641	244	417	1.27e-31	126
Peve_00019673	sp|Q9R182|ANGL3_MOUSE	43.299	97	54	1	127	223	242	337	7.13e-23	93.2
Peve_00019674	sp|Q9R182|ANGL3_MOUSE	33.891	239	134	8	290	515	228	455	2.93e-39	145
Peve_00019675	sp|Q9R182|ANGL3_MOUSE	34.783	230	126	8	391	607	237	455	1.23e-37	142
Peve_00019680	sp|Q9R182|ANGL3_MOUSE	36.321	212	123	5	6	207	245	454	1.92e-36	129
Peve_00019681	sp|Q9R182|ANGL3_MOUSE	35.514	214	125	6	81	286	245	453	2.59e-39	140
Peve_00019683	sp|Q9R182|ANGL3_MOUSE	35.681	213	127	5	129	335	245	453	1.96e-39	142
Peve_00019684	sp|Q9R182|ANGL3_MOUSE	35.981	214	124	6	894	1099	245	453	1.71e-35	138
Peve_00019697	sp|P9WMV8|CHOD_MYCTO	24.228	615	369	19	36	611	1	557	5.50e-29	121
Peve_00019721	sp|P28344|MASY_EMENI	32.420	219	127	7	38	244	8	217	1.72e-27	107
Peve_00019809	sp|Q5IS43|LIS1_PANTR	25.524	286	193	3	1	268	123	406	2.24e-30	122
Peve_00019963	sp|Q8RY16|PEX6_ARATH	32.665	349	203	11	63	405	564	886	1.57e-47	172
Peve_00019983	sp|P05177|CP1A2_HUMAN	33.264	478	296	7	8	468	15	486	1.04e-86	273
Peve_00019988	sp|O02663|UD2B9_MACFA	32.381	420	277	6	338	754	114	529	1.15e-76	254
Peve_00020213	sp|Q6JQN1|ACD10_HUMAN	32.735	223	122	5	3	213	43	249	3.58e-27	114
Peve_00020274	sp|G1T7U7|NAAA_RABIT	48.485	330	157	6	29	353	36	357	3.60e-98	292
Peve_00020296	sp|Q8NCC3|PAG15_HUMAN	40.000	135	72	3	7	137	280	409	8.45e-31	111
Peve_00020368	sp|P49888|ST1E1_HUMAN	37.234	188	102	6	18	200	10	186	7.00e-31	112
Peve_00020369	sp|P49887|ST1E1_CAVPO	33.770	305	153	8	40	333	30	296	5.24e-50	166
Peve_00020371	sp|Q61205|PA1B3_MOUSE	55.500	200	89	0	3	202	7	206	2.83e-85	249
Peve_00020387	sp|P04066|FUCO_HUMAN	51.556	450	208	4	431	880	27	466	1.27e-172	505
Peve_00020418	sp|Q9Y2H2|SAC2_HUMAN	32.673	404	223	10	122	484	170	565	7.30e-54	204
Peve_00020453	sp|Q09128|CP24A_RAT	31.857	474	250	9	308	729	53	505	8.74e-61	214
Peve_00020488	sp|Q8LGF7|PEX4_ARATH	40.602	133	74	3	5	133	4	135	1.37e-31	108
Peve_00020522	sp|Q9NYL5|CP39A_HUMAN	37.527	461	233	7	34	487	24	436	2.49e-108	328
Peve_00020526	sp|Q09128|CP24A_RAT	29.769	477	317	7	47	520	53	514	2.58e-69	228
Peve_00020563	sp|Q7XJJ7|FAAH_ARATH	40.336	476	256	11	1	465	146	604	3.69e-107	328
Peve_00020571	sp|P49866|HNF4_DROME	36.490	359	185	9	41	389	142	467	1.06e-61	208
Peve_00020576	sp|P49866|HNF4_DROME	33.918	342	204	6	33	366	140	467	1.16e-55	191
Peve_00020611	sp|Q09128|CP24A_RAT	30.518	521	340	10	309	824	11	514	1.52e-73	247
Peve_00020613	sp|Q07973|CP24A_HUMAN	41.111	90	52	1	9	97	425	514	4.38e-22	86.3
Peve_00020614	sp|Q09128|CP24A_RAT	27.806	392	247	12	63	436	12	385	1.11e-36	141
Peve_00020616	sp|P08684|CP3A4_HUMAN	31.076	502	284	14	31	499	25	497	5.01e-65	216
Peve_00020618	sp|P05183|CP3A2_RAT	35.464	485	294	9	29	503	23	498	8.59e-92	286
Peve_00020673	sp|P49888|ST1E1_HUMAN	43.151	146	76	4	40	181	28	170	1.06e-28	105
Peve_00020674	sp|P49887|ST1E1_CAVPO	34.884	129	79	2	1	124	168	296	5.09e-24	90.9
Peve_00020731	sp|Q8CHM7|HACL1_RAT	65.312	320	111	0	65	384	6	325	1.78e-151	437
Peve_00020827	sp|Q9R182|ANGL3_MOUSE	37.327	217	124	8	136	346	244	454	1.67e-37	137
Peve_00020828	sp|Q9R182|ANGL3_MOUSE	37.981	208	116	8	4	204	253	454	7.07e-35	125
Peve_00020830	sp|Q9R182|ANGL3_MOUSE	43.704	135	70	4	4	134	245	377	2.76e-32	115
Peve_00021006	sp|Q2KHZ8|GBA1_BOVIN	44.758	248	129	2	47	294	43	282	8.90e-76	238
Peve_00021008	sp|Q04917|1433F_HUMAN	61.508	252	85	7	255	502	1	244	9.17e-94	282
Peve_00021042	sp|Q62651|ECH1_RAT	59.058	276	110	1	50	322	52	327	6.24e-131	373
Peve_00021048	sp|Q9D0S9|HINT2_MOUSE	62.727	110	41	0	6	115	54	163	3.20e-54	164
Peve_00021060	sp|Q9D8B1|AIG1_MOUSE	41.053	190	104	2	32	213	33	222	9.94e-47	152
Peve_00021061	sp|Q9NVV5|AIG1_HUMAN	43.925	107	52	2	33	131	27	133	6.43e-25	92.4
Peve_00021196	sp|Q95UJ0|RAB7A_PAROT	38.415	164	96	3	35	193	9	172	2.64e-35	122
Peve_00021214	sp|Q8HXW6|PPT1_MACFA	63.136	236	85	1	25	260	33	266	1.37e-115	331
Peve_00021243	sp|Q0VD19|ASM_BOVIN	54.455	303	134	2	1	301	267	567	5.95e-121	357
Peve_00021274	sp|Q99714|HCD2_HUMAN	33.462	260	148	9	20	268	14	259	5.64e-32	115
Peve_00021294	sp|Q9WVK8|CP46A_MOUSE	38.285	478	279	6	28	500	23	489	1.93e-114	344
Peve_00021295	sp|Q9WVK8|CP46A_MOUSE	35.979	189	116	3	169	356	22	206	3.84e-34	133
Peve_00021296	sp|Q9Y6A2|CP46A_HUMAN	42.742	248	138	3	23	270	243	486	1.02e-64	213
Peve_00021331	sp|Q95UJ0|RAB7A_PAROT	28.713	202	112	5	6	179	9	206	1.71e-29	105
Peve_00021379	sp|Q8EJW3|ACND_SHEON	41.507	889	471	12	38	914	12	863	0.0	686
Peve_00021389	sp|P97570|PLPL9_RAT	27.237	257	177	6	282	533	152	403	1.43e-22	99.8
Peve_00021461	sp|F1R6N4|ECHD1_DANRE	47.703	283	135	4	34	312	27	300	9.21e-82	247
Peve_00021477	sp|P0DTA4|PCCA_PIG	63.247	653	231	6	3	648	63	713	0.0	823
Peve_00021548	sp|Q8RY16|PEX6_ARATH	38.176	296	165	8	231	518	651	936	1.83e-45	168
Peve_00021549	sp|Q5R8A5|PA24A_PONAB	45.330	728	348	15	14	711	22	729	0.0	591
Peve_00021554	sp|P28039|AOAH_HUMAN	45.471	552	286	7	38	585	35	575	3.71e-176	508
Peve_00021555	sp|P28039|AOAH_HUMAN	49.587	363	177	2	3	364	218	575	2.03e-129	380
Peve_00021662	sp|P34275|IVD_CAEEL	52.120	401	183	2	17	416	6	398	3.80e-148	424
Peve_00021798	sp|P24008|S5A1_RAT	50.202	247	115	2	16	262	16	254	1.59e-84	267
Peve_00021814	sp|P06280|AGAL_HUMAN	44.633	354	184	5	1	344	72	423	4.49e-103	307
Peve_00021850	sp|P63005|LIS1_MOUSE	33.019	318	176	9	336	619	96	410	4.70e-43	157
Peve_00021852	sp|A2XWN6|PPRD1_ORYSI	34.507	284	140	10	5	247	75	353	1.17e-40	140
Peve_00021861	sp|Q8K009|AL1L2_MOUSE	40.637	502	276	9	25	515	432	922	7.76e-117	363
Peve_00021875	sp|Q9EP75|CP4FE_MOUSE	36.996	446	252	11	12	449	90	514	7.53e-90	280
Peve_00021880	sp|Q8BLJ3|PLCX3_MOUSE	37.134	307	187	5	30	334	12	314	6.68e-70	218
Peve_00021894	sp|P08842|STS_HUMAN	44.928	138	64	5	45	170	27	164	1.15e-24	103
Peve_00021899	sp|O07610|LCFB_BACSU	30.129	541	321	9	17	545	7	502	3.00e-75	244
Peve_00021901	sp|P69452|LCFA_ECOL6	30.978	552	347	13	70	607	23	554	6.48e-85	273
Peve_00021911	sp|Q09128|CP24A_RAT	28.452	478	314	11	11	479	8	466	2.59e-60	203
Peve_00021914	sp|Q04917|1433F_HUMAN	55.274	237	99	5	18	249	6	240	2.39e-86	254
Peve_00021915	sp|Q04917|1433F_HUMAN	59.825	229	82	4	73	294	20	245	3.06e-89	264
Peve_00021919	sp|Q04917|1433F_HUMAN	56.118	237	96	3	1	230	1	236	2.59e-90	264
Peve_00021920	sp|P68511|1433F_RAT	50.763	262	92	6	7	258	3	237	8.64e-77	231
Peve_00021924	sp|P25099|AA1R_RAT	27.000	300	167	8	24	285	17	302	1.91e-22	94.0
Peve_00021976	sp|P18886|CPT2_RAT	62.844	218	81	0	1	218	44	261	1.64e-93	284
Peve_00021995	sp|Q9FNP1|PEX1_ARATH	31.718	227	147	3	331	553	843	1065	1.75e-26	113
Peve_00022045	sp|P51869|CP4F4_RAT	43.943	487	252	10	30	502	42	521	2.49e-136	401
Peve_00022086	sp|P49888|ST1E1_HUMAN	39.933	298	156	10	17	303	9	294	1.57e-58	187
Peve_00022087	sp|P49887|ST1E1_CAVPO	35.200	250	146	7	1	238	51	296	4.20e-43	145
Peve_00022088	sp|P49888|ST1E1_HUMAN	39.852	271	149	7	40	301	28	293	1.37e-56	182
Peve_00022089	sp|P49887|ST1E1_CAVPO	39.370	127	72	2	247	368	170	296	1.21e-24	99.4
Peve_00022114	sp|Q9Y5C1|ANGL3_HUMAN	34.862	218	128	7	7	216	246	457	7.14e-38	134
Peve_00022156	sp|P43353|AL3B1_HUMAN	51.522	460	219	2	10	469	4	459	0.0	526
Peve_00022172	sp|P23780|BGAL_MOUSE	43.478	575	298	9	1	560	84	646	8.46e-162	475
Peve_00022174	sp|P23780|BGAL_MOUSE	46.434	631	313	9	19	634	26	646	0.0	570
Peve_00022188	sp|P47727|CBR1_RAT	47.500	160	75	3	1	157	121	274	1.03e-39	141
Peve_00022189	sp|Q91WU0|EST1F_MOUSE	32.392	531	313	15	50	554	39	549	9.04e-76	249
Peve_00022190	sp|P23141|EST1_HUMAN	32.538	587	325	19	11	562	3	553	1.50e-81	265
Peve_00022385	sp|P36411|RAB7A_DICDI	39.080	87	53	0	2	88	4	90	4.49e-22	82.4
Peve_00022393	sp|P49887|ST1E1_CAVPO	35.379	277	156	7	40	303	30	296	3.32e-49	163
Peve_00022394	sp|P49887|ST1E1_CAVPO	38.828	273	152	8	40	303	30	296	8.32e-58	185
Peve_00022577	sp|Q8NHP8|PLBL2_HUMAN	49.714	525	241	9	48	558	74	589	6.75e-172	497
Peve_00022578	sp|Q8NHP8|PLBL2_HUMAN	49.031	516	239	9	62	563	84	589	2.28e-164	478
Peve_00022617	sp|Q8RY16|PEX6_ARATH	38.545	275	152	9	1268	1534	655	920	1.53e-42	167
Peve_00022633	sp|Q5REG7|LIS1_PONAB	28.000	300	179	6	1021	1295	123	410	4.39e-35	137
Peve_00022646	sp|Q9Y5C1|ANGL3_HUMAN	38.028	213	124	6	90	297	246	455	3.17e-42	148
Peve_00022647	sp|Q9Y5C1|ANGL3_HUMAN	37.441	211	124	6	90	295	246	453	1.23e-37	142
Peve_00022762	sp|Q95UJ0|RAB7A_PAROT	36.000	175	98	6	292	456	2	172	4.19e-26	102
Peve_00022915	sp|Q5REG7|LIS1_PONAB	27.378	347	204	9	3	320	81	408	1.42e-37	137
Peve_00022937	sp|Q8R431|MGLL_RAT	36.283	113	72	0	13	125	182	294	1.17e-21	84.7
Peve_00023035	sp|P23141|EST1_HUMAN	35.963	545	300	17	723	1234	25	553	4.75e-85	286
Peve_00023036	sp|P23141|EST1_HUMAN	35.740	554	303	19	587	1113	26	553	3.72e-81	274
Peve_00023037	sp|P16303|EST1D_RAT	33.929	560	327	16	647	1177	6	551	8.08e-82	276
Peve_00023043	sp|Q9QXE0|HACL1_MOUSE	52.857	280	117	5	1	277	314	581	9.79e-101	303
Peve_00023044	sp|P23141|EST1_HUMAN	43.909	353	161	12	413	740	26	366	8.61e-71	240
Peve_00023045	sp|P23141|EST1_HUMAN	36.101	554	305	20	73	602	25	553	3.70e-90	288
Peve_00023047	sp|P23141|EST1_HUMAN	35.917	529	293	20	44	548	47	553	1.03e-80	261
Peve_00023169	sp|A0A3L7I2I8|PLPL9_CRIGR	27.177	379	236	17	602	965	23	376	3.06e-23	103
Peve_00023296	sp|P04799|CP1A2_RAT	32.079	505	303	10	18	505	19	500	1.22e-79	255
Peve_00023351	sp|P32020|SCP2_MOUSE	66.294	537	175	4	4	535	12	547	0.0	723
Peve_00023375	sp|O17405|PLDL_CAEEL	38.745	462	256	11	23	472	105	551	7.72e-104	318
Peve_00023389	sp|Q2KIM0|FUCO_BOVIN	57.968	433	177	4	19	450	39	467	0.0	527
Peve_00023390	sp|P04066|FUCO_HUMAN	50.239	209	102	2	1	209	259	465	5.73e-72	223
Peve_00023464	sp|Q3SY69|AL1L2_HUMAN	50.492	305	149	1	22	324	577	881	1.99e-100	313
Peve_00023485	sp|Q6GMR7|FAAH2_HUMAN	46.092	499	251	9	42	534	40	526	2.49e-151	442
Peve_00023486	sp|Q6GMR7|FAAH2_HUMAN	48.187	193	95	2	42	233	40	228	8.21e-62	199
Peve_00023487	sp|P58043|SESN2_MOUSE	47.661	449	217	9	101	541	42	480	6.29e-140	410
Peve_00023545	sp|P28298|ACEA_EMENI	41.808	177	99	2	257	432	363	536	8.82e-40	147
Peve_00023546	sp|P28344|MASY_EMENI	50.667	525	250	6	2	519	11	533	0.0	528
Peve_00023597	sp|E9PUQ8|DGKD_MOUSE	45.629	1041	432	25	234	1202	233	1211	0.0	781
Peve_00023599	sp|Q9R182|ANGL3_MOUSE	33.333	213	128	7	3	206	245	452	6.25e-25	105
Peve_00023621	sp|Q16760|DGKD_HUMAN	39.203	301	150	9	49	332	164	448	7.02e-53	191
Peve_00023784	sp|P23141|EST1_HUMAN	33.700	546	315	17	28	552	36	555	4.93e-76	249
Peve_00023828	sp|Q5QJU3|ACER2_HUMAN	50.000	266	123	4	4	264	9	269	2.78e-84	251
Peve_00023831	sp|E9Q414|APOB_MOUSE	24.568	1042	656	36	30	1012	38	1008	4.09e-64	241
Peve_00023967	sp|P08684|CP3A4_HUMAN	37.931	493	277	8	37	522	25	495	4.58e-109	332
Peve_00023995	sp|P36411|RAB7A_DICDI	34.940	166	102	2	7	166	6	171	7.03e-31	115
Peve_00024010	sp|O95372|LYPA2_HUMAN	51.980	202	94	2	6	204	14	215	4.73e-74	221
Peve_00024021	sp|P40939|ECHA_HUMAN	58.402	726	251	5	70	794	41	716	0.0	844
Peve_00024064	sp|P49888|ST1E1_HUMAN	39.636	275	145	7	40	302	28	293	2.38e-54	176
Peve_00024065	sp|P49888|ST1E1_HUMAN	40.370	270	146	7	57	314	28	294	1.33e-56	182
Peve_00024115	sp|Q5LA59|HDHA_BACFN	30.337	267	154	9	438	691	6	253	7.57e-28	110
Peve_00024258	sp|P08842|STS_HUMAN	41.007	139	70	4	24	150	23	161	7.10e-22	96.3
Peve_00024329	sp|Q55GC7|SGMD_DICDI	26.329	414	259	13	91	484	21	408	6.19e-39	144
Peve_00024386	sp|Q9STM3|REF6_ARATH	34.799	273	157	7	397	656	119	383	3.30e-40	160
Peve_00024408	sp|Q95UJ0|RAB7A_PAROT	33.668	199	124	6	16	207	9	206	1.03e-27	101
Peve_00024466	sp|Q8LGF7|PEX4_ARATH	45.652	92	49	1	70	160	33	124	8.19e-24	89.7
Peve_00024469	sp|Q8LGF7|PEX4_ARATH	45.652	92	49	1	76	166	33	124	1.24e-25	94.4
Peve_00024470	sp|Q9R182|ANGL3_MOUSE	35.211	213	126	6	210	414	245	453	2.80e-32	130
Peve_00024531	sp|P36411|RAB7A_DICDI	34.731	167	102	4	5	164	10	176	6.71e-26	95.9
Peve_00024576	sp|Q5REG7|LIS1_PONAB	27.089	347	212	7	100	445	104	410	5.52e-29	115
Peve_00024585	sp|Q8LGF7|PEX4_ARATH	41.176	102	59	1	18	118	33	134	4.38e-24	87.8
Peve_00024652	sp|Q9GV16|EGCSE_CYANO	58.824	459	177	5	187	637	30	484	0.0	550
Peve_00024673	sp|O54753|H17B6_RAT	45.575	226	116	3	36	260	26	245	7.79e-61	192
Peve_00024769	sp|O60733|PLPL9_HUMAN	29.150	247	167	6	1071	1313	152	394	9.96e-24	105
Peve_00024809	sp|P07633|PCCB_RAT	67.925	53	17	0	1	53	489	541	5.71e-24	89.4
Peve_00024810	sp|P05166|PCCB_HUMAN	76.681	476	109	1	36	509	25	500	0.0	773
Peve_00024909	sp|Q5PQ50|NUD19_XENLA	36.729	373	190	11	1	340	1	360	7.87e-72	234
Peve_00024913	sp|Q5PQ50|NUD19_XENLA	36.053	380	196	10	24	370	10	375	8.86e-70	221
Peve_00024938	sp|Q8IY17|PLPL6_HUMAN	55.710	648	258	7	1	628	716	1354	0.0	728
Peve_00024948	sp|H1ZV38|GEOA_CASD6	32.967	364	235	8	3	363	8	365	4.49e-48	164
Peve_00024949	sp|H1ZV38|GEOA_CASD6	30.337	356	213	10	1	326	8	358	3.05e-35	129
Peve_00024959	sp|Q9R182|ANGL3_MOUSE	36.797	231	133	6	61	283	228	453	7.81e-45	155
Peve_00024962	sp|Q9Y5C1|ANGL3_HUMAN	33.945	218	122	6	12	211	242	455	1.10e-31	117
Peve_00024966	sp|Q9R182|ANGL3_MOUSE	35.652	230	139	8	61	285	228	453	5.88e-40	142
Peve_00024967	sp|Q9Y5C1|ANGL3_HUMAN	39.252	214	121	6	163	371	246	455	8.46e-40	144
Peve_00024972	sp|Q9Y5C1|ANGL3_HUMAN	33.945	218	125	6	7	209	242	455	1.32e-33	122
Peve_00025077	sp|O14495|PLPP3_HUMAN	34.000	250	150	2	10	258	37	272	4.92e-45	152
Peve_00025143	sp|Q9R182|ANGL3_MOUSE	34.579	214	132	4	6	214	245	455	3.93e-37	132
Peve_00025146	sp|Q9R182|ANGL3_MOUSE	35.349	215	129	5	286	495	245	454	6.57e-37	139
Peve_00025147	sp|Q9R182|ANGL3_MOUSE	34.513	226	133	8	278	496	238	455	3.43e-32	125
Peve_00025148	sp|Q9R182|ANGL3_MOUSE	38.983	177	103	4	2	177	245	417	3.94e-36	129
Peve_00025183	sp|P47727|CBR1_RAT	46.570	277	134	6	3	274	10	277	3.94e-74	237
Peve_00025258	sp|P49866|HNF4_DROME	29.381	388	209	8	20	402	140	467	1.88e-47	169
Peve_00025329	sp|Q9TRY9|BGAL_CANLF	40.125	638	309	21	91	690	20	622	2.22e-132	403
Peve_00025334	sp|Q9TRY9|BGAL_CANLF	59.000	400	158	2	1	400	32	425	8.00e-168	489
Peve_00025335	sp|P23780|BGAL_MOUSE	52.373	632	274	10	18	631	24	646	0.0	660
Peve_00025528	sp|P05183|CP3A2_RAT	40.471	467	258	8	44	497	38	497	1.71e-110	334
Peve_00025590	sp|P97570|PLPL9_RAT	27.679	336	197	13	190	488	50	376	2.08e-23	101
Peve_00025700	sp|Q7XJJ7|FAAH_ARATH	30.963	436	244	13	55	469	191	590	9.42e-37	140
Peve_00025722	sp|O02663|UD2B9_MACFA	35.340	382	240	4	14	391	146	524	3.24e-80	253
Peve_00025726	sp|P49748|ACADV_HUMAN	61.429	630	205	3	48	674	61	655	0.0	742
Peve_00025755	sp|Q8C196|CPSM_MOUSE	54.762	168	72	2	6	172	43	207	4.51e-53	178
Peve_00025803	sp|Q9GL51|LIS1_PIG	26.442	416	245	13	261	628	4	406	1.19e-26	110
Peve_00025825	sp|Q8LGF7|PEX4_ARATH	40.602	133	74	3	5	133	4	135	1.37e-31	108
Peve_00025870	sp|Q6NV34|DECR2_DANRE	35.496	262	151	5	15	268	27	278	3.78e-48	159
Peve_00025987	sp|Q29550|EST1_PIG	32.807	570	332	18	8	543	6	558	2.41e-78	268
Peve_00025988	sp|P10959|EST1C_RAT	31.389	360	223	11	6	360	207	547	1.63e-47	168
Peve_00026003	sp|P08842|STS_HUMAN	39.216	153	80	5	7	147	10	161	8.44e-24	102
Peve_00026033	sp|Q8IXJ6|SIR2_HUMAN	48.819	381	164	6	71	445	1	356	2.88e-120	354
Peve_00026068	sp|Q757H2|CSR1_EREGS	29.665	209	129	5	42	234	141	347	1.96e-25	106
Peve_00026107	sp|O49561|G2OX8_ARATH	27.799	259	174	5	22	280	52	297	1.99e-33	123
Peve_00026126	sp|O55171|ACOT2_RAT	48.765	162	74	4	2	162	46	199	1.86e-39	136
Peve_00026127	sp|O55171|ACOT2_RAT	39.909	441	241	11	19	458	33	450	8.15e-87	270
Peve_00026130	sp|O55171|ACOT2_RAT	45.625	160	80	3	2	160	46	199	6.57e-38	131
Peve_00026131	sp|O55171|ACOT2_RAT	38.955	421	236	9	447	867	51	450	1.63e-80	265
Peve_00026134	sp|O55171|ACOT2_RAT	39.016	305	171	6	10	313	159	449	4.06e-61	199
Peve_00026218	sp|Q9Y5C1|ANGL3_HUMAN	34.894	235	123	7	90	319	246	455	4.03e-37	135
Peve_00026219	sp|Q9Y5C1|ANGL3_HUMAN	38.028	213	124	6	90	297	246	455	3.99e-42	148
Peve_00026220	sp|Q95UJ0|RAB7A_PAROT	41.212	165	92	2	6	165	8	172	4.92e-42	137
Peve_00026273	sp|O55171|ACOT2_RAT	35.664	286	170	6	13	297	134	406	1.64e-40	144
Peve_00026350	sp|Q60612|AA1R_MOUSE	25.656	343	204	9	40	366	16	323	2.83e-21	90.9
Peve_00026382	sp|O02663|UD2B9_MACFA	33.203	512	318	10	476	967	8	515	1.24e-88	291
Peve_00026383	sp|O02663|UD2B9_MACFA	30.018	543	335	13	424	944	6	525	2.22e-82	273
Peve_00026425	sp|P36411|RAB7A_DICDI	38.889	198	115	3	18	210	7	203	2.11e-41	137
Peve_00026497	sp|P49888|ST1E1_HUMAN	36.823	277	155	9	36	299	21	290	2.32e-51	168
Peve_00026545	sp|P08842|STS_HUMAN	30.000	460	287	14	7	452	10	448	2.00e-51	181
Peve_00026567	sp|Q8LGF7|PEX4_ARATH	42.975	121	63	2	226	344	7	123	1.10e-27	105
Peve_00026589	sp|Q60HG9|CPT2_MACFA	56.802	419	168	7	1	413	219	630	2.83e-149	468
Peve_00026632	sp|H9BW96|RAB7_EPICO	39.086	197	108	4	21	206	9	204	5.46e-40	133
Peve_00026725	sp|Q5IS43|LIS1_PANTR	31.538	260	157	2	358	596	106	365	9.02e-39	144
Peve_00026735	sp|Q9Y5C1|ANGL3_HUMAN	32.093	215	138	5	4	214	243	453	4.04e-32	118
Peve_00026736	sp|Q9Y5C1|ANGL3_HUMAN	30.566	265	169	7	98	358	200	453	3.79e-38	139
Peve_00026737	sp|Q8K009|AL1L2_MOUSE	36.864	236	136	5	51	277	444	675	4.32e-38	139
Peve_00026750	sp|Q6PFJ7|NSMA3_DANRE	35.989	703	373	20	36	701	23	685	1.32e-123	384
Peve_00026798	sp|P39518|LCF2_YEAST	29.429	666	411	16	21	639	82	735	1.09e-86	284
Peve_00026860	sp|P49748|ACADV_HUMAN	66.269	587	197	1	100	685	69	655	0.0	776
Peve_00026881	sp|P17178|CP27A_RAT	31.808	437	285	6	654	1083	102	532	3.53e-71	244
Peve_00027038	sp|P97819|PLPL9_MOUSE	26.801	347	234	10	716	1053	51	386	1.04e-22	102
Peve_00027053	sp|Q8K2H4|ACAP1_MOUSE	41.746	527	289	5	1	515	1	521	4.91e-139	428
Peve_00027083	sp|H1ZV37|GEOB_CASD6	26.535	456	297	14	87	525	27	461	5.03e-32	126
Peve_00027197	sp|Q9Y5C1|ANGL3_HUMAN	38.605	215	122	7	128	337	246	455	3.39e-39	141
Peve_00027198	sp|Q9Y5C1|ANGL3_HUMAN	38.532	218	123	6	313	524	242	454	1.09e-38	144
Peve_00027226	sp|Q64424|LIPR2_MYOCO	38.619	391	208	11	26	404	21	391	1.44e-84	263
Peve_00027240	sp|O55171|ACOT2_RAT	36.983	411	244	7	9	419	54	449	1.59e-77	245
Peve_00027256	sp|Q9Y5C1|ANGL3_HUMAN	32.618	233	141	9	139	362	228	453	1.09e-28	118
Peve_00027316	sp|Q9Y5C1|ANGL3_HUMAN	36.364	220	132	6	71	285	239	455	7.32e-39	139
Peve_00027319	sp|Q9Y5C1|ANGL3_HUMAN	36.073	219	129	7	1	214	243	455	5.56e-38	134
Peve_00027320	sp|Q9Y5C1|ANGL3_HUMAN	37.619	210	124	5	13	217	246	453	4.71e-40	142
Peve_00027370	sp|Q5REG7|LIS1_PONAB	27.425	299	183	6	363	640	123	408	2.27e-31	125
Peve_00027374	sp|Q9Y5C1|ANGL3_HUMAN	38.660	194	111	6	147	336	246	435	3.72e-38	139
Peve_00027662	sp|O02691|HCD2_BOVIN	54.150	253	113	3	5	256	9	259	8.47e-91	266
Peve_00027663	sp|O02691|HCD2_BOVIN	67.059	255	82	1	3	255	7	261	8.09e-122	345
Peve_00027940	sp|P97570|PLPL9_RAT	32.016	253	155	8	239	483	152	395	1.80e-21	97.8
Peve_00027942	sp|O19094|OCTC_BOVIN	42.833	600	330	6	38	627	11	607	2.62e-171	499
Peve_00028008	sp|Q9HCS2|CP4FC_HUMAN	36.070	402	206	14	400	770	90	471	1.45e-67	230
Peve_00028036	sp|Q9NYA1|SPHK1_HUMAN	31.390	223	129	3	122	336	8	214	4.05e-26	107
Peve_00028037	sp|P17178|CP27A_RAT	28.306	484	272	9	126	584	52	485	2.74e-58	201
Peve_00028038	sp|O35132|CP27B_RAT	27.692	325	191	10	169	463	191	501	3.23e-30	120
Peve_00028039	sp|P17178|CP27A_RAT	30.636	346	231	5	95	439	92	429	2.11e-50	176
Peve_00028040	sp|P17178|CP27A_RAT	30.725	345	220	5	181	520	151	481	1.73e-51	181
Peve_00028041	sp|Q9DBG1|CP27A_MOUSE	31.333	450	286	10	96	531	92	532	3.53e-70	231
Peve_00028051	sp|Q95UJ0|RAB7A_PAROT	34.337	166	103	4	294	455	9	172	3.06e-24	97.8
Peve_00028192	sp|Q2KHZ9|GCDH_BOVIN	73.270	419	108	1	18	432	17	435	0.0	653
Peve_00028303	sp|P05183|CP3A2_RAT	36.508	504	290	11	16	498	4	498	7.70e-105	320
Peve_00028350	sp|Q78JN3|ECI3_MOUSE	27.801	241	150	5	227	455	66	294	7.13e-21	90.5
Peve_00028493	sp|Q6P1M0|S27A4_HUMAN	48.773	611	307	3	42	647	16	625	0.0	620
Peve_00028576	sp|Q1JQE6|NCEH1_BOVIN	33.041	342	177	12	88	392	80	406	4.65e-42	149
Peve_00028634	sp|O88202|LPP60_RAT	41.322	363	199	6	1	361	1	351	2.32e-88	274
Peve_00028674	sp|Q6JQN1|ACD10_HUMAN	32.735	223	122	5	3	213	43	249	1.63e-26	111
Peve_00028689	sp|B1WAZ6|PA24A_XENTR	41.365	718	342	14	11	667	22	721	1.67e-176	519
Peve_00028710	sp|Q9Y5C1|ANGL3_HUMAN	36.866	217	129	6	87	298	242	455	8.16e-39	139
Peve_00028711	sp|Q9Y5C1|ANGL3_HUMAN	37.788	217	127	6	25	236	242	455	8.69e-44	150
Peve_00028722	sp|Q9Y5C1|ANGL3_HUMAN	31.118	331	190	10	25	334	142	455	8.25e-47	162
Peve_00028734	sp|P97819|PLPL9_MOUSE	28.832	274	157	7	2026	2296	149	387	7.35e-24	107
Peve_00028793	sp|Q6UWV6|ENPP7_HUMAN	31.767	447	260	12	24	461	25	435	2.77e-69	225
Peve_00028818	sp|Q9Y5C1|ANGL3_HUMAN	33.333	219	134	5	27	241	243	453	6.31e-38	135
Peve_00028896	sp|P36411|RAB7A_DICDI	32.536	209	122	7	4	204	6	203	7.58e-29	104
Peve_00028934	sp|H1ZV37|GEOB_CASD6	35.575	461	283	3	61	508	9	468	1.42e-87	284
Peve_00029040	sp|Q9BZK7|TBL1R_HUMAN	28.616	318	186	14	370	660	167	470	1.03e-26	113
Peve_00029069	sp|Q8RY16|PEX6_ARATH	37.919	298	165	8	217	506	651	936	1.09e-45	169
Peve_00029076	sp|Q9Y5C1|ANGL3_HUMAN	37.383	214	125	6	92	300	246	455	8.53e-40	142
Peve_00029077	sp|Q9Y5C1|ANGL3_HUMAN	37.850	214	124	6	286	494	246	455	1.01e-38	144
Peve_00029078	sp|Q9Y5C1|ANGL3_HUMAN	36.792	212	127	5	6	212	246	455	4.35e-42	145
Peve_00029227	sp|Q16698|DECR_HUMAN	66.531	245	82	0	1	245	91	335	1.26e-120	344
Peve_00029230	sp|P08842|STS_HUMAN	24.493	592	306	23	15	506	10	560	2.70e-34	133
Peve_00029256	sp|O02691|HCD2_BOVIN	69.200	250	75	1	290	537	12	261	3.89e-118	347
Peve_00029302	sp|Q95UJ0|RAB7A_PAROT	32.812	192	103	2	283	470	8	177	1.31e-32	120
Peve_00029336	sp|Q9Y5C1|ANGL3_HUMAN	29.276	304	174	9	30	298	157	454	6.07e-43	150
Peve_00029395	sp|P49866|HNF4_DROME	60.790	329	115	3	27	341	142	470	9.36e-139	410
Peve_00029404	sp|Q95UJ0|RAB7A_PAROT	34.673	199	120	4	15	204	9	206	6.23e-36	123
Peve_00029475	sp|O18824|SCRB1_BOVIN	33.708	445	269	7	18	461	13	432	3.41e-83	265
Peve_00029547	sp|Q9Y5C1|ANGL3_HUMAN	37.559	213	125	6	885	1092	246	455	2.49e-39	150
Peve_00029663	sp|Q9Y5C1|ANGL3_HUMAN	36.449	214	124	7	9	215	246	454	1.16e-38	136
Peve_00029677	sp|Q9Y5C1|ANGL3_HUMAN	32.558	215	137	5	3	213	243	453	9.96e-33	120
Peve_00029698	sp|Q95UJ0|RAB7A_PAROT	35.714	168	96	3	292	451	9	172	6.14e-28	108
Peve_00029710	sp|P16278|BGAL_HUMAN	32.366	448	237	16	9	431	216	622	1.20e-52	185
Peve_00029729	sp|Q8RY16|PEX6_ARATH	33.244	373	198	11	553	881	524	889	1.26e-44	172
Peve_00029735	sp|O02691|HCD2_BOVIN	30.233	258	146	9	3	240	8	251	8.96e-24	94.4
Peve_00029861	sp|P08842|STS_HUMAN	42.754	138	68	3	606	732	24	161	4.54e-23	102
Peve_00030007	sp|Q8NBQ5|DHB11_HUMAN	47.104	259	134	1	20	278	19	274	8.96e-83	249
Peve_00030010	sp|O14495|PLPP3_HUMAN	33.333	297	163	6	17	291	11	294	7.28e-42	145
Peve_00030023	sp|Q9JKJ9|CP39A_MOUSE	41.534	313	169	6	3	308	164	469	1.66e-81	252
Peve_00030037	sp|P51869|CP4F4_RAT	41.046	497	268	10	42	525	34	518	1.58e-129	385
Peve_00030107	sp|P57093|PAHX_RAT	52.703	222	101	2	14	231	5	226	3.00e-81	244
Peve_00030224	sp|Q8IWX5|SGPP2_HUMAN	36.010	411	233	9	117	518	3	392	1.85e-76	244
Peve_00030254	sp|P45953|ACADV_RAT	48.596	570	290	3	1	568	39	607	0.0	545
Peve_00030297	sp|P36411|RAB7A_DICDI	35.754	179	110	2	1	174	1	179	3.58e-38	128
Peve_00030354	sp|Q64573|EST1F_RAT	33.394	554	306	18	22	537	25	553	4.25e-74	244
Peve_00030355	sp|P16303|EST1D_RAT	30.960	604	309	20	21	601	33	551	1.69e-71	239
Peve_00030356	sp|P23141|EST1_HUMAN	35.818	550	306	19	27	551	26	553	3.55e-86	276
Peve_00030402	sp|O00628|PEX7_HUMAN	56.563	320	130	2	2	321	9	319	1.23e-130	372
Peve_00030446	sp|Q9NUN7|ACER3_HUMAN	44.223	251	139	1	4	253	1	251	2.42e-68	211
Peve_00030447	sp|Q9FNP1|PEX1_ARATH	34.043	282	158	3	110	369	796	1071	1.42e-47	171
Peve_00030544	sp|Q8BH95|ECHM_MOUSE	67.803	264	85	0	4	267	27	290	1.10e-135	382
Peve_00030611	sp|Q9R182|ANGL3_MOUSE	36.697	218	122	8	396	604	245	455	3.23e-37	141
Peve_00030634	sp|Q64573|EST1F_RAT	31.836	512	287	16	174	655	26	505	1.79e-66	225
Peve_00030718	sp|Q62711|PLCD4_RAT	41.916	668	339	5	2	668	141	760	0.0	532
Peve_00030742	sp|P43034|LIS1_HUMAN	29.967	307	191	3	14	298	104	408	2.86e-45	160
Peve_00030785	sp|P97819|PLPL9_MOUSE	27.236	246	169	6	120	360	146	386	1.99e-22	97.8
Peve_00030795	sp|A0A3L7I2I8|PLPL9_CRIGR	25.469	373	248	12	271	625	71	431	2.86e-24	105
Peve_00030801	sp|P97819|PLPL9_MOUSE	28.571	252	170	6	774	1020	146	392	8.53e-25	108
Peve_00030802	sp|O60733|PLPL9_HUMAN	30.418	263	164	8	188	444	145	394	1.20e-23	102
Peve_00030817	sp|Q8CHM7|HACL1_RAT	66.225	302	102	0	57	358	6	307	7.62e-145	419
Peve_00031025	sp|Q95UJ0|RAB7A_PAROT	34.940	166	105	3	13	176	9	173	3.16e-30	110
Peve_00031027	sp|P23141|EST1_HUMAN	37.705	183	97	4	35	200	26	208	8.47e-30	118
Peve_00031083	sp|Q9Y5C1|ANGL3_HUMAN	31.008	258	158	8	15	264	208	453	4.67e-29	111
Peve_00031155	sp|P31327|CPSM_HUMAN	63.878	490	160	4	7	480	1011	1499	0.0	662
Peve_00031192	sp|O07610|LCFB_BACSU	33.198	491	304	10	51	526	28	509	3.94e-80	257
Peve_00031211	sp|Q95UJ0|RAB7A_PAROT	33.503	197	122	3	34	222	9	204	6.61e-36	124
Peve_00031228	sp|Q2QRV3|PIOX_ORYSJ	36.871	556	315	17	177	715	64	600	3.59e-108	340
Peve_00031318	sp|O07610|LCFB_BACSU	30.237	506	324	10	34	522	17	510	1.93e-68	228
Peve_00031366	sp|P97819|PLPL9_MOUSE	32.579	221	135	6	8	226	183	391	8.50e-22	91.3
Peve_00031388	sp|Q32NH8|PLCD4_XENLA	46.791	483	213	8	2	479	280	723	1.80e-146	434
Peve_00031436	sp|Q92968|PEX13_HUMAN	41.551	361	187	7	55	409	49	391	1.06e-91	281
Peve_00031444	sp|Q99JY0|ECHB_MOUSE	75.971	412	98	1	14	425	53	463	0.0	664
Peve_00031448	sp|Q9BV23|ABHD6_HUMAN	39.877	326	175	6	7	325	16	327	4.17e-76	234
Peve_00031482	sp|Q8R431|MGLL_RAT	31.953	169	97	3	2	160	134	294	2.74e-23	90.5
Peve_00031543	sp|Q8R431|MGLL_RAT	35.345	116	75	0	10	125	179	294	3.01e-21	84.0
Peve_00031571	sp|Q9Y5C1|ANGL3_HUMAN	37.021	235	132	7	263	492	230	453	1.50e-39	149
Peve_00031667	sp|P51659|DHB4_HUMAN	53.350	403	175	6	1	402	346	736	9.87e-151	441
Peve_00031823	sp|Q8RY16|PEX6_ARATH	39.516	248	139	7	180	421	651	893	5.69e-47	171
Peve_00031844	sp|Q08C93|ABD12_DANRE	39.672	305	174	7	21	316	68	371	9.73e-75	232
Peve_00031914	sp|Q17RR3|LIPR3_HUMAN	39.093	353	175	12	141	471	18	352	2.09e-60	202
Peve_00031917	sp|P81139|LIPR2_CAVPO	39.103	312	163	7	20	318	31	328	3.63e-62	214
Peve_00031921	sp|P04799|CP1A2_RAT	30.573	471	303	10	1	449	14	482	9.31e-76	244
Peve_00031922	sp|P04799|CP1A2_RAT	33.110	447	275	9	507	932	41	484	8.30e-80	266
Peve_00031923	sp|P05177|CP1A2_HUMAN	45.283	159	83	1	6	160	321	479	5.47e-42	144
Peve_00031924	sp|P05177|CP1A2_HUMAN	47.429	175	87	2	2	172	311	484	2.58e-48	168
Peve_00031933	sp|Q95078|CP18A_DROME	38.589	241	140	2	1	238	285	520	3.50e-54	179
Peve_00031935	sp|P05177|CP1A2_HUMAN	33.185	449	285	7	32	469	42	486	1.75e-79	254
Peve_00031981	sp|P23780|BGAL_MOUSE	46.535	606	301	8	20	612	26	621	0.0	551
Peve_00032030	sp|Q9Y6A2|CP46A_HUMAN	34.990	483	301	8	28	506	17	490	1.80e-94	293
Peve_00032148	sp|Q91V12|BACH_MOUSE	53.143	350	138	7	10	356	47	373	1.34e-117	343
Peve_00032150	sp|Q64559|BACH_RAT	53.153	333	134	6	53	382	55	368	4.11e-111	328
Peve_00032154	sp|Q4KWH5|PLCH1_MOUSE	66.337	101	34	0	12	112	758	858	1.52e-48	162
Peve_00032155	sp|O75038|PLCH2_HUMAN	49.061	852	408	9	47	882	46	887	0.0	835
Peve_00032227	sp|Q9EPR2|PG12A_MOUSE	36.641	131	72	6	39	162	58	184	2.83e-21	83.6
Peve_00032277	sp|Q9Y5C1|ANGL3_HUMAN	33.636	220	134	6	291	502	245	460	1.72e-37	140
Peve_00032327	sp|O55171|ACOT2_RAT	38.663	419	245	5	26	443	43	450	3.72e-98	299
Peve_00032328	sp|O55171|ACOT2_RAT	39.031	351	192	6	1	349	119	449	1.02e-75	238
Peve_00032336	sp|Q8BWU8|AT2L1_MOUSE	58.525	434	176	3	44	475	6	437	0.0	540
Peve_00032368	sp|Q9R182|ANGL3_MOUSE	32.727	275	171	6	67	335	187	453	4.44e-41	146
Peve_00032369	sp|Q9R182|ANGL3_MOUSE	41.600	125	71	2	81	205	245	367	1.88e-27	109
Peve_00032420	sp|E9PUQ8|DGKD_MOUSE	36.705	346	183	8	289	623	128	448	1.51e-62	227
Peve_00032536	sp|Q9R182|ANGL3_MOUSE	35.065	231	137	6	299	521	228	453	4.48e-38	142
Peve_00032584	sp|Q9DBG1|CP27A_MOUSE	34.821	448	284	4	605	1051	92	532	3.64e-92	301
Peve_00032593	sp|O43808|PM34_HUMAN	28.754	313	183	11	14	312	3	289	3.95e-22	92.0
Peve_00032633	sp|Q2QRV3|PIOX_ORYSJ	37.736	477	267	12	9	472	141	600	3.79e-101	313
Peve_00032651	sp|Q64591|DECR_RAT	60.968	310	117	1	30	335	26	335	4.45e-135	385
Peve_00032682	sp|Q8RY16|PEX6_ARATH	31.429	595	316	22	333	888	381	922	2.32e-61	222
Peve_00032733	sp|P97570|PLPL9_RAT	27.044	318	211	7	264	579	114	412	2.24e-21	98.6
Peve_00032844	sp|Q8TB40|ABHD4_HUMAN	55.193	337	149	2	16	350	6	342	2.19e-140	400
Peve_00032846	sp|Q8TB40|ABHD4_HUMAN	51.603	312	143	4	14	321	35	342	1.83e-115	335
Peve_00032852	sp|Q503L4|IAH1_DANRE	32.331	133	89	1	1	132	103	235	2.83e-23	88.2
Peve_00032855	sp|P51659|DHB4_HUMAN	60.156	384	147	4	18	396	1	383	1.54e-159	464
Peve_00032856	sp|O15254|ACOX3_HUMAN	53.195	673	311	4	26	697	16	685	0.0	760
Peve_00032861	sp|Q5REG7|LIS1_PONAB	28.968	252	147	6	10	239	121	362	9.62e-30	112
Peve_00032890	sp|P63005|LIS1_MOUSE	72.254	346	95	1	1	346	66	410	0.0	564
Peve_00032926	sp|Q2QRV3|PIOX_ORYSJ	36.087	230	129	8	5	230	85	300	5.66e-39	139
Peve_00032931	sp|Q8K009|AL1L2_MOUSE	31.119	286	187	7	17	293	446	730	4.02e-34	129
Peve_00032947	sp|P06280|AGAL_HUMAN	50.000	96	38	1	19	104	28	123	2.32e-28	103
Peve_00033018	sp|P36411|RAB7A_DICDI	31.707	205	128	5	407	602	2	203	1.04e-31	119
Peve_00033137	sp|Q9Y5C1|ANGL3_HUMAN	35.047	214	131	6	48	256	246	456	2.31e-36	131
Peve_00033164	sp|Q9D0S9|HINT2_MOUSE	54.054	111	50	1	7	117	54	163	3.06e-45	141
Peve_00033177	sp|Q6R0J2|DHI1_MESAU	33.610	241	121	8	21	251	7	218	2.56e-27	105
Peve_00033189	sp|P97852|DHB4_RAT	54.018	224	91	4	1	222	522	735	1.67e-80	252
Peve_00033216	sp|Q9STM3|REF6_ARATH	34.862	218	109	7	109	298	154	366	1.06e-32	134
Peve_00033229	sp|Q5LA59|HDHA_BACFN	32.673	202	106	6	18	205	68	253	1.12e-27	102
Peve_00033332	sp|P16640|CAMA_PSEPU	26.087	368	235	10	158	520	8	343	4.22e-24	102
Peve_00033364	sp|O60218|AK1BA_HUMAN	32.509	283	178	7	751	1020	4	286	7.49e-37	139
Peve_00033366	sp|Q14162|SREC_HUMAN	33.763	388	193	12	392	775	73	400	2.04e-49	186
Peve_00033394	sp|P38117|ETFB_HUMAN	70.356	253	75	0	1	253	1	253	1.20e-128	362
Peve_00033431	sp|Q61207|SAP_MOUSE	27.151	372	225	8	48	380	182	546	2.18e-45	161
Peve_00033476	sp|Q3SY69|AL1L2_HUMAN	68.473	904	279	6	29	929	23	923	0.0	1271
Peve_00033529	sp|O97572|RAB7A_RABIT	37.037	189	98	4	7	191	6	177	3.49e-32	113
Peve_00033530	sp|P36411|RAB7A_DICDI	37.438	203	118	4	1	198	1	199	5.33e-44	143
Peve_00033537	sp|P36411|RAB7A_DICDI	39.264	163	94	2	11	168	8	170	8.73e-40	133
Peve_00033564	sp|Q9Y5C1|ANGL3_HUMAN	38.498	213	119	7	149	354	246	453	6.81e-41	146
Peve_00033569	sp|O07610|LCFB_BACSU	32.114	492	314	11	41	520	25	508	2.47e-70	231
Peve_00033570	sp|Q9Y5C1|ANGL3_HUMAN	38.389	211	125	5	91	299	246	453	2.66e-41	146
Peve_00033571	sp|Q9R182|ANGL3_MOUSE	36.126	191	99	4	60	229	195	383	2.90e-30	119
Peve_00033589	sp|Q9BX68|HINT2_HUMAN	52.740	146	60	3	29	174	27	163	3.15e-48	151
Peve_00033630	sp|P28298|ACEA_EMENI	29.367	521	256	14	2	415	21	536	1.90e-52	181
Peve_00033635	sp|P28298|ACEA_EMENI	29.367	521	256	14	2	415	21	536	1.67e-52	181
Peve_00033656	sp|Q8HXX0|LIS1_MACFA	22.740	365	220	10	493	827	75	407	1.93e-22	98.2
Peve_00033678	sp|Q61425|HCDH_MOUSE	74.138	58	15	0	1	58	256	313	8.39e-29	100
Peve_00033741	sp|Q6P1J6|PLB1_HUMAN	34.828	379	225	7	206	577	1083	1446	1.96e-58	209
Peve_00033771	sp|Q29608|DHI1_SAISC	33.014	209	124	6	44	248	32	228	9.38e-23	93.6
Peve_00033815	sp|O45870|NSMA_CAEEL	49.606	127	62	2	1	125	110	236	2.04e-40	137
Peve_00033821	sp|Q95UJ0|RAB7A_PAROT	33.180	217	128	3	3	214	2	206	7.74e-38	128
Peve_00033826	sp|Q9Z0M5|LICH_MOUSE	45.455	374	201	2	27	399	25	396	2.70e-112	332
Peve_00033827	sp|Q9Z0M5|LICH_MOUSE	46.599	294	154	2	31	323	29	320	3.50e-88	267
Peve_00033846	sp|O15254|ACOX3_HUMAN	52.367	338	159	2	7	343	349	685	3.19e-124	370
Peve_00033895	sp|Q70KH2|GBA1_PIG	53.600	125	58	0	1	125	409	533	2.59e-45	151
Peve_00033897	sp|P17439|GBA1_MOUSE	37.311	528	273	17	29	536	23	512	4.92e-100	309
Peve_00033914	sp|Q9D0S9|HINT2_MOUSE	55.856	111	48	1	7	117	54	163	1.40e-47	147
Peve_00033917	sp|Q9D0S9|HINT2_MOUSE	56.044	91	39	1	3	93	74	163	4.19e-37	120
Peve_00033950	sp|Q8K009|AL1L2_MOUSE	45.482	332	171	4	1	328	597	922	3.32e-96	302
Peve_00033970	sp|Q62077|PLCG1_MOUSE	45.748	1270	612	27	13	1246	11	1239	0.0	1080
Peve_00034013	sp|Q9NYA1|SPHK1_HUMAN	30.233	215	129	2	126	331	13	215	1.38e-25	105
Peve_00034022	sp|Q9QXM0|ABHD2_MOUSE	39.803	407	239	4	5	409	17	419	4.43e-107	320
Peve_00034052	sp|Q13825|AUHM_HUMAN	62.762	239	89	0	369	607	101	339	1.50e-94	291
Peve_00034063	sp|A6BMK7|NEUR1_BOVIN	47.911	359	166	7	25	364	52	408	1.94e-113	334
Peve_00034142	sp|P49866|HNF4_DROME	29.745	353	219	6	3	346	141	473	3.42e-48	170
Peve_00034146	sp|P23141|EST1_HUMAN	34.206	573	326	18	60	605	5	553	2.04e-85	276
Peve_00034237	sp|Q9VSA3|ACADM_DROME	57.065	184	64	4	1	170	234	416	6.50e-62	194
Peve_00034240	sp|Q9Y5C1|ANGL3_HUMAN	33.333	213	130	7	120	324	245	453	8.83e-28	117
Peve_00034325	sp|P05177|CP1A2_HUMAN	27.855	359	236	8	1	348	50	396	6.92e-42	150
Peve_00034369	sp|Q6AZA0|THIL_DANRE	68.704	409	127	1	15	423	13	420	0.0	584
Peve_00034406	sp|Q9Y5C1|ANGL3_HUMAN	33.023	215	127	7	312	515	243	451	3.00e-28	119
Peve_00034442	sp|Q91ZA3|PCCA_MOUSE	71.852	135	38	0	2	136	59	193	5.25e-67	212
Peve_00034484	sp|P05183|CP3A2_RAT	40.385	468	258	9	44	498	38	497	1.65e-109	332
Peve_00034498	sp|D4A1J4|DHRS6_RAT	61.885	244	93	0	4	247	2	245	5.20e-112	319
Peve_00034516	sp|Q8R431|MGLL_RAT	32.558	172	112	2	477	645	124	294	9.08e-26	105
Peve_00034539	sp|P49887|ST1E1_CAVPO	35.316	269	157	8	41	299	31	292	5.05e-50	165
Peve_00034698	sp|Q61207|SAP_MOUSE	26.882	372	226	8	42	374	182	546	6.36e-45	160
Peve_00034700	sp|Q64633|UD17_RAT	45.312	192	103	1	1	190	337	528	1.22e-52	173
Peve_00034702	sp|D2X8K2|PA2_CONGI	43.220	118	64	1	52	169	5	119	6.57e-30	103
Peve_00034753	sp|Q8WS88|PA2_ADAPA	44.056	143	67	6	142	278	21	156	1.48e-27	101
Peve_00034757	sp|Q8WS88|PA2_ADAPA	40.769	130	67	4	2	128	34	156	6.53e-27	95.5
Peve_00034758	sp|Q8WS88|PA2_ADAPA	35.329	167	89	5	11	171	3	156	2.76e-27	97.8
Peve_00034763	sp|Q45Z25|PA2A6_TROCA	42.424	165	74	7	5	164	3	151	5.04e-30	104
Peve_00034790	sp|Q9R182|ANGL3_MOUSE	35.393	178	109	5	284	459	245	418	5.76e-29	116
Peve_00034791	sp|Q8RY16|PEX6_ARATH	33.852	514	290	14	8	479	380	885	2.26e-79	264
Peve_00034858	sp|Q2KI18|PLPL2_BOVIN	44.848	330	159	5	620	947	8	316	5.04e-83	274
Peve_00034981	sp|Q99685|MGLL_HUMAN	45.055	273	148	2	14	286	24	294	1.09e-78	238
Peve_00034993	sp|Q8LGF7|PEX4_ARATH	44.262	122	61	3	6	124	7	124	3.06e-25	94.4
Peve_00035085	sp|P23780|BGAL_MOUSE	48.490	629	293	13	23	631	30	647	0.0	597
Peve_00035086	sp|P97819|PLPL9_MOUSE	48.624	327	159	4	16	334	481	806	4.69e-105	323
Peve_00035220	sp|Q7TNN8|LPIN3_MUSSP	43.220	472	230	7	135	600	361	800	7.19e-117	365
Peve_00035298	sp|Q8RY16|PEX6_ARATH	37.295	244	148	5	162	402	646	887	2.00e-48	174
Peve_00035307	sp|P49614|HEXB_FELCA	50.097	515	232	8	52	554	28	529	1.52e-180	516
Peve_00035326	sp|A0A3L7I2I8|PLPL9_CRIGR	25.940	266	185	7	1539	1796	151	412	1.61e-24	108
Peve_00035454	sp|H1ZV38|GEOA_CASD6	29.189	370	212	13	54	387	9	364	7.74e-25	102
Peve_00035486	sp|P25099|AA1R_RAT	31.864	295	178	9	27	308	15	299	2.68e-24	98.2
Peve_00035492	sp|P49866|HNF4_DROME	38.873	355	185	8	31	369	142	480	3.59e-73	238
Peve_00035494	sp|Q95UJ0|RAB7A_PAROT	36.905	168	95	3	8	167	8	172	1.92e-33	124
Peve_00035560	sp|P08684|CP3A4_HUMAN	40.690	435	246	8	6	433	66	495	4.59e-105	318
Peve_00035682	sp|Q8LGF7|PEX4_ARATH	38.095	84	51	1	2	85	49	131	5.49e-21	80.5
Peve_00035762	sp|P08842|STS_HUMAN	25.902	471	236	16	1	380	6	454	1.94e-27	113
Peve_00035833	sp|P50392|PA24A_DANRE	40.946	740	363	16	32	741	14	709	0.0	532
Peve_00036045	sp|Q9TRY9|BGAL_CANLF	50.472	636	290	10	12	632	20	645	0.0	626
Peve_00036046	sp|P23780|BGAL_MOUSE	49.604	631	286	13	24	636	31	647	0.0	616
Peve_00036049	sp|P23780|BGAL_MOUSE	49.287	631	288	13	24	636	31	647	0.0	613
Peve_00036055	sp|O14495|PLPP3_HUMAN	29.151	271	169	6	3	268	29	281	8.20e-37	130
Peve_00036060	sp|P38135|FADK_ECOLI	25.187	536	327	14	15	514	49	546	4.79e-32	130
Peve_00036084	sp|P41247|PLPL4_HUMAN	47.984	248	127	2	171	417	4	250	5.30e-81	248
Peve_00036204	sp|Q95078|CP18A_DROME	37.688	199	119	5	1	197	325	520	2.42e-39	138
Peve_00036227	sp|P08842|STS_HUMAN	41.104	163	82	6	1	151	1	161	2.96e-24	103
Peve_00036382	sp|Q9GL51|LIS1_PIG	23.714	350	189	10	176	492	106	410	4.65e-21	95.1
Peve_00036389	sp|A4YI89|HPCD_METS5	35.156	256	158	4	27	282	3	250	3.07e-40	138
Peve_00036458	sp|P49614|HEXB_FELCA	24.089	494	259	19	235	710	93	488	1.12e-24	106
Peve_00036459	sp|P07686|HEXB_HUMAN	27.124	306	163	8	269	569	144	394	1.43e-27	115
Peve_00036463	sp|P49614|HEXB_FELCA	26.998	463	242	15	300	757	117	488	4.87e-33	132
Peve_00036465	sp|P06865|HEXA_HUMAN	22.631	517	287	15	269	776	97	509	3.75e-29	120
Peve_00036485	sp|Q8BHJ5|TBL1R_MOUSE	59.922	514	183	5	1	492	1	513	0.0	637
Peve_00036495	sp|Q91WU0|EST1F_MOUSE	28.467	548	332	20	80	596	27	545	9.76e-46	167
Peve_00036496	sp|P16303|EST1D_RAT	28.417	556	324	21	72	588	25	545	5.51e-47	171
Peve_00036567	sp|Q8TB40|ABHD4_HUMAN	38.757	338	196	2	22	356	12	341	1.15e-89	271
Peve_00036616	sp|P28298|ACEA_EMENI	42.373	177	98	2	253	428	363	536	7.79e-40	147
Peve_00036622	sp|Q9JJS6|BCDO1_MOUSE	38.491	530	296	14	1	509	1	521	7.28e-119	359
Peve_00036629	sp|Q95UJ0|RAB7A_PAROT	29.858	211	134	5	4	206	2	206	3.87e-26	97.4
Peve_00036630	sp|Q95UJ0|RAB7A_PAROT	29.665	209	128	7	4	196	1	206	1.05e-27	101
Peve_00036759	sp|Q9C7Z1|G2OX4_ARATH	28.322	286	177	8	18	294	14	280	9.97e-22	90.9
Peve_00036767	sp|Q3T001|H17B6_BOVIN	42.345	307	166	7	227	527	4	305	4.32e-68	219
Peve_00036840	sp|Q9R182|ANGL3_MOUSE	37.500	168	101	3	116	283	239	402	3.09e-29	115
Peve_00036854	sp|P49888|ST1E1_HUMAN	41.791	201	107	5	1	195	98	294	1.26e-40	137
Peve_00036938	sp|Q5RJQ4|SIR2_RAT	41.971	274	123	7	173	420	40	303	1.77e-63	213
Peve_00036939	sp|Q8LGF7|PEX4_ARATH	40.136	147	84	3	5	147	7	153	1.75e-33	112
Peve_00036957	sp|P38571|LICH_HUMAN	51.499	367	170	4	28	392	31	391	4.60e-137	395
Peve_00037070	sp|P63005|LIS1_MOUSE	30.345	290	176	5	1697	1963	121	407	1.29e-30	124
Peve_00037091	sp|P08684|CP3A4_HUMAN	38.004	471	274	11	45	507	40	500	2.56e-101	311
Peve_00037278	sp|P63005|LIS1_MOUSE	33.019	318	189	4	45	343	96	408	3.40e-59	193
Peve_00037340	sp|P43033|LIS1_BOVIN	27.431	288	183	5	33	296	122	407	7.90e-35	134
Peve_00037434	sp|Q8RY16|PEX6_ARATH	37.917	240	144	5	137	373	645	882	1.00e-47	171
Peve_00037573	sp|P05177|CP1A2_HUMAN	32.353	306	194	5	9	311	186	481	2.88e-44	160
Peve_00037585	sp|Q8K2H4|ACAP1_MOUSE	33.716	261	126	6	604	820	411	668	1.51e-34	138
Peve_00037587	sp|P05183|CP3A2_RAT	38.994	477	281	6	35	506	23	494	4.40e-113	341
Peve_00037596	sp|Q8N0X7|SPART_HUMAN	31.486	451	266	8	114	540	207	638	5.53e-60	207
Peve_00037635	sp|Q95UJ0|RAB7A_PAROT	31.844	179	107	5	8	176	10	183	4.92e-22	86.3
Peve_00037669	sp|Q7XJJ7|FAAH_ARATH	28.370	497	322	12	22	505	115	590	5.72e-35	135
Peve_00037684	sp|P97570|PLPL9_RAT	33.065	248	158	6	152	395	149	392	1.56e-27	118
Peve_00037694	sp|Q9JJS6|BCDO1_MOUSE	35.606	264	154	5	2	250	255	517	3.97e-47	162
Peve_00037696	sp|Q5E9P6|BSCL2_BOVIN	44.737	228	123	2	25	250	28	254	2.05e-68	225
Peve_00037697	sp|O62742|SCP2_RABIT	55.370	419	162	7	7	420	10	408	1.11e-157	454
Peve_00037709	sp|Q5R778|ACD11_PONAB	36.873	339	204	3	3	336	17	350	4.95e-76	246
Peve_00037711	sp|Q6QT07|BCDO2_MUSPF	37.996	529	282	15	10	505	23	538	3.00e-116	350
Peve_00037724	sp|P49866|HNF4_DROME	57.895	76	32	0	11	86	141	216	2.71e-28	114
Peve_00037817	sp|Q8HXX0|LIS1_MACFA	27.838	370	237	6	70	414	43	407	1.22e-43	154
Peve_00037923	sp|Q8NBK3|SUMF1_HUMAN	65.015	323	111	1	51	371	50	372	6.07e-162	456
Peve_00038063	sp|P23253|TCNA_TRYCR	30.515	544	378	0	101	644	584	1127	1.02e-36	145
Peve_00038251	sp|O60218|AK1BA_HUMAN	42.593	324	161	5	4	314	5	316	2.12e-79	241
Peve_00038312	sp|Q9GL51|LIS1_PIG	28.662	314	187	8	275	554	96	406	8.38e-27	110
Peve_00038364	sp|Q5IS43|LIS1_PANTR	26.667	285	196	3	12	296	111	382	1.44e-28	117
Peve_00038365	sp|Q5IS43|LIS1_PANTR	28.395	324	190	8	11	311	104	408	1.55e-32	122
Peve_00038422	sp|Q8K2H4|ACAP1_MOUSE	23.514	370	255	9	6	366	5	355	7.48e-22	98.6
Peve_00038430	sp|Q06705|CSR1_YEAST	34.653	202	122	3	36	228	109	309	6.12e-29	109
Peve_00038432	sp|Q9TRY9|BGAL_CANLF	49.126	629	298	12	1291	1904	24	645	0.0	605
Peve_00038478	sp|Q9VSA3|ACADM_DROME	73.864	88	23	0	1	88	318	405	1.64e-42	140
Peve_00038504	sp|P97819|PLPL9_MOUSE	27.726	321	217	9	1240	1553	74	386	1.15e-26	115
Peve_00038506	sp|P97570|PLPL9_RAT	31.179	263	169	8	1016	1272	148	404	4.79e-27	116
Peve_00038511	sp|P97819|PLPL9_MOUSE	28.532	361	236	13	452	801	37	386	1.19e-24	107
Peve_00038540	sp|Q9D0S9|HINT2_MOUSE	58.242	91	37	1	3	93	74	163	2.62e-38	123
Peve_00038665	sp|P25099|AA1R_RAT	27.609	297	198	6	9	294	17	307	2.30e-24	97.8
Peve_00038749	sp|P49866|HNF4_DROME	51.389	72	35	0	19	90	141	212	7.11e-22	95.9
Peve_00038750	sp|Q9Y6A2|CP46A_HUMAN	36.952	479	294	5	25	499	16	490	3.89e-112	338
Peve_00038751	sp|Q9WVK8|CP46A_MOUSE	36.952	479	294	5	34	508	16	490	1.28e-113	343
Peve_00038767	sp|P04799|CP1A2_RAT	39.676	494	279	8	5	486	14	500	7.21e-122	363
Peve_00038918	sp|Q6MG55|ABHGA_RAT	44.071	565	273	10	1	531	1	556	2.31e-162	470
Peve_00039027	sp|Q6GMR7|FAAH2_HUMAN	52.917	480	219	3	15	489	49	526	0.0	515
Peve_00039032	sp|P49866|HNF4_DROME	30.659	349	198	9	10	337	141	466	9.14e-43	154
Peve_00039118	sp|P25099|AA1R_RAT	27.907	301	174	7	40	306	17	308	6.27e-23	94.4
Peve_00039119	sp|P25099|AA1R_RAT	27.425	299	163	6	51	308	17	302	1.97e-22	94.4
Peve_00039167	sp|P0CZ23|ACOX3_ARATH	33.893	655	380	16	41	655	29	670	2.40e-101	321
Peve_00039187	sp|Q8HXX0|LIS1_MACFA	28.431	306	184	8	606	877	104	408	5.35e-29	117
Peve_00039198	sp|P49887|ST1E1_CAVPO	39.735	151	84	4	1	147	50	197	1.36e-30	109
Peve_00039252	sp|P49866|HNF4_DROME	29.280	403	250	8	212	589	142	534	1.87e-45	173
Peve_00039448	sp|Q8RY16|PEX6_ARATH	37.805	246	118	11	5	237	653	876	6.52e-37	135
Peve_00039477	sp|O07610|LCFB_BACSU	27.479	353	218	6	1	335	16	348	8.79e-32	122
Peve_00039506	sp|P81139|LIPR2_CAVPO	36.697	327	178	10	7	312	1	319	8.20e-60	202
Peve_00039508	sp|P81139|LIPR2_CAVPO	37.273	330	176	10	6	315	1	319	2.39e-61	199
Peve_00039510	sp|Q6XZB0|LIPI_HUMAN	33.755	237	125	7	1	210	110	341	1.68e-37	132
Peve_00039560	sp|Q3T001|H17B6_BOVIN	43.408	311	168	6	14	322	3	307	2.44e-78	241
Peve_00039587	sp|P55912|PRPE_SALTY	38.908	586	326	11	2	564	52	628	1.81e-132	397
Peve_00039590	sp|P77495|PRPE_ECOLI	43.978	357	192	6	61	414	3	354	3.63e-98	303
Peve_00039634	sp|Q5XI22|THIC_RAT	62.857	280	104	0	1	280	63	342	1.79e-125	360
Peve_00039635	sp|Q5XI22|THIC_RAT	61.823	406	138	1	12	417	8	396	1.68e-180	506
Peve_00039654	sp|Q9Y6A2|CP46A_HUMAN	37.449	486	282	8	22	498	18	490	1.02e-100	309
Peve_00039793	sp|Q64633|UD17_RAT	46.927	179	95	0	1	179	337	515	2.21e-53	175
Peve_00039798	sp|P08684|CP3A4_HUMAN	36.443	461	259	8	13	455	29	473	4.58e-101	309
Peve_00039844	sp|O04469|ECI1_ARATH	32.020	203	133	4	22	221	19	219	5.36e-32	115
Peve_00039877	sp|P08842|STS_HUMAN	39.474	152	82	4	23	164	10	161	5.56e-24	102
Peve_00039879	sp|P08842|STS_HUMAN	37.419	155	83	5	4	147	10	161	1.52e-21	95.1
Peve_00039903	sp|P49866|HNF4_DROME	33.106	293	151	10	1213	1504	142	390	6.74e-34	138
Peve_00040110	sp|Q95UJ0|RAB7A_PAROT	35.606	132	74	2	19	144	9	135	2.67e-26	95.9
Peve_00040378	sp|Q5TZ07|PLPP6_DANRE	45.251	179	92	4	45	218	98	275	4.05e-34	121
Peve_00040398	sp|O49561|G2OX8_ARATH	25.472	318	191	9	1	316	40	313	6.07e-25	103
Peve_00040399	sp|Q5IS43|LIS1_PANTR	27.974	311	186	8	13	300	71	366	5.93e-25	102
Peve_00040401	sp|P32419|MDHP_YEAST	44.412	340	155	8	28	337	3	338	1.02e-75	234
Peve_00040520	sp|Q8HXX0|LIS1_MACFA	28.700	223	140	3	146	349	144	366	6.71e-23	95.9
Peve_00040532	sp|O49561|G2OX8_ARATH	27.796	313	192	11	1	311	36	316	9.49e-21	88.6
Peve_00040548	sp|P49888|ST1E1_HUMAN	36.330	267	157	6	39	295	27	290	1.42e-50	166
Peve_00040550	sp|P49888|ST1E1_HUMAN	37.778	270	149	7	39	295	27	290	1.78e-49	163
Peve_00040557	sp|P49888|ST1E1_HUMAN	36.330	267	157	6	39	295	27	290	2.65e-51	168
Peve_00040558	sp|P49888|ST1E1_HUMAN	37.551	245	138	7	205	438	50	290	5.93e-41	145
Peve_00040699	sp|Q95UJ0|RAB7A_PAROT	31.902	163	106	3	211	369	9	170	4.70e-22	90.9
Peve_00040803	sp|Q64425|LIPP_MYOCO	38.571	350	183	12	563	887	9	351	2.11e-62	215
Peve_00040836	sp|P55912|PRPE_SALTY	24.570	639	432	17	50	659	2	619	9.44e-39	149
Peve_00040946	sp|P63005|LIS1_MOUSE	24.348	345	203	12	554	875	100	409	2.59e-21	94.7
Peve_00041037	sp|Q8BM14|LIPK_MOUSE	43.939	396	215	4	172	564	2	393	5.09e-110	332
Peve_00041125	sp|Q95UJ0|RAB7A_PAROT	28.977	176	109	4	4	167	5	176	2.00e-25	96.3
Peve_00041156	sp|P36411|RAB7A_DICDI	34.731	167	103	4	9	172	9	172	1.38e-25	97.1
Peve_00041161	sp|Q2XU92|ACBG2_MOUSE	46.812	643	337	4	103	741	24	665	0.0	621
Peve_00041467	sp|Q6DDP3|ENPP6_XENLA	35.678	199	102	5	8	188	251	441	5.36e-32	118
Peve_00041481	sp|P04799|CP1A2_RAT	32.906	468	293	12	39	493	40	499	2.91e-80	256
Peve_00041483	sp|Q8LGF7|PEX4_ARATH	34.454	119	64	2	32	149	28	133	1.05e-22	87.8
Peve_00041508	sp|Q8N6M3|FITM2_HUMAN	39.689	257	127	7	18	260	5	247	3.67e-54	173
Peve_00041557	sp|Q6AYS8|DHB11_RAT	37.676	284	169	3	48	330	20	296	1.01e-66	209
Peve_00041570	sp|P49866|HNF4_DROME	29.570	372	201	9	81	435	140	467	2.92e-45	164
Peve_00041684	sp|P9WQP6|3BHS_MYCTO	33.036	336	201	9	20	349	16	333	1.43e-49	169
Peve_00041692	sp|Q6NV34|DECR2_DANRE	56.679	277	117	3	15	290	7	281	5.01e-116	334
Peve_00041700	sp|Q14162|SREC_HUMAN	32.948	346	158	19	13726	14014	75	403	2.54e-23	108
Peve_00041704	sp|Q14162|SREC_HUMAN	30.022	463	233	22	13961	14398	16	412	4.71e-40	162
Peve_00041722	sp|Q8LGF7|PEX4_ARATH	36.641	131	81	2	34	162	25	155	3.68e-25	93.6
Peve_00041730	sp|P97819|PLPL9_MOUSE	27.083	336	220	8	214	537	115	437	2.60e-21	97.1
Peve_00041745	sp|P97819|PLPL9_MOUSE	25.195	385	223	9	709	1037	114	489	1.17e-21	98.6
Peve_00041779	sp|Q8K009|AL1L2_MOUSE	37.247	494	276	11	11	487	446	922	4.94e-95	305
Peve_00041789	sp|P05177|CP1A2_HUMAN	32.121	495	304	11	16	497	23	498	2.18e-80	257
Peve_00041899	sp|Q64559|BACH_RAT	53.982	339	133	6	23	358	55	373	1.45e-116	340
Peve_00041900	sp|Q64559|BACH_RAT	53.546	282	111	5	28	308	55	317	3.50e-94	281
Peve_00042034	sp|Q99685|MGLL_HUMAN	32.919	161	104	2	2	159	134	293	1.21e-26	99.4
Peve_00042048	sp|P49866|HNF4_DROME	28.814	354	213	7	12	354	142	467	3.14e-46	164
Peve_00042049	sp|Q2KIM0|FUCO_BOVIN	54.214	439	189	5	29	465	39	467	1.21e-177	503
Peve_00042073	sp|Q3T001|H17B6_BOVIN	45.085	295	155	5	38	330	24	313	5.41e-81	247
Peve_00042076	sp|O14756|H17B6_HUMAN	44.484	281	150	4	38	315	24	301	5.82e-80	244
Peve_00042077	sp|O14756|H17B6_HUMAN	43.919	296	155	5	38	325	24	316	4.28e-82	249
Peve_00042079	sp|O14756|H17B6_HUMAN	45.205	219	118	2	38	255	24	241	4.42e-65	203
Peve_00042110	sp|Q9BQK8|LPIN3_HUMAN	41.273	550	272	12	339	881	346	851	4.06e-122	388
Peve_00042194	sp|O09012|PEX5_MOUSE	49.690	646	265	19	1	597	1	635	0.0	564
Peve_00042234	sp|O60218|AK1BA_HUMAN	37.000	300	151	8	10	272	5	303	4.18e-55	178
Peve_00042237	sp|O60218|AK1BA_HUMAN	35.294	119	66	2	1	108	171	289	4.41e-21	83.6
Peve_00042344	sp|P08842|STS_HUMAN	27.865	445	235	13	22	392	10	442	1.96e-29	121
Peve_00042421	sp|P07686|HEXB_HUMAN	54.462	325	145	3	1	323	148	471	1.35e-129	384
Peve_00042535	sp|P09394|GLPQ_ECOLI	27.635	351	179	13	33	336	34	356	9.04e-26	106
Peve_00042601	sp|Q8LGF7|PEX4_ARATH	41.259	143	80	3	8	146	7	149	1.95e-34	115
Peve_00042614	sp|Q9Y5C1|ANGL3_HUMAN	34.444	180	113	5	309	486	242	418	3.63e-28	114
Peve_00042617	sp|Q9R182|ANGL3_MOUSE	34.831	178	110	5	455	630	245	418	1.24e-27	113
Peve_00042622	sp|Q9Y5C1|ANGL3_HUMAN	33.898	177	112	5	408	582	245	418	4.27e-27	112
Peve_00042623	sp|Q9R182|ANGL3_MOUSE	34.112	214	127	8	163	371	214	418	1.69e-27	110
Peve_00042679	sp|P97570|PLPL9_RAT	29.781	319	193	11	80	385	103	403	1.39e-23	105
Peve_00042684	sp|O60733|PLPL9_HUMAN	26.667	375	196	12	1034	1405	105	403	8.93e-21	96.3
Peve_00042727	sp|P08842|STS_HUMAN	37.267	161	89	4	1	149	1	161	6.25e-25	105
Peve_00042731	sp|P28344|MASY_EMENI	35.940	537	315	11	38	562	8	527	2.90e-111	340
Peve_00042762	sp|Q64610|ENPP2_RAT	29.947	374	214	7	2	329	165	536	6.00e-49	172
Peve_00042768	sp|P16232|DHI1_RAT	37.850	214	122	7	2	215	52	254	1.47e-36	128
Peve_00042769	sp|Q7M3I4|DHI1_RABIT	41.353	133	74	2	10	142	130	258	1.32e-25	98.6
Peve_00042832	sp|P54310|LIPS_MOUSE	35.468	812	438	12	21	815	2	744	5.05e-151	459
Peve_00042919	sp|Q8BH82|NAPEP_MOUSE	52.571	350	145	4	11	354	50	384	7.67e-130	388
Peve_00042929	sp|P53982|IDHH_YEAST	57.908	411	169	2	45	454	3	410	1.05e-179	506
Peve_00042932	sp|O64894|ACOX2_CUCMA	35.714	602	357	12	78	652	77	675	3.65e-110	345
Peve_00043014	sp|Q2XU92|ACBG2_MOUSE	39.651	459	249	6	92	540	24	464	3.43e-110	340
Peve_00043038	sp|Q9GL51|LIS1_PIG	27.097	310	196	3	232	519	106	407	7.68e-33	127
Peve_00043302	sp|Q8VDQ8|SIR2_MOUSE	47.368	285	131	5	96	363	63	345	2.26e-88	275
Peve_00043371	sp|Q9NZC3|GDE1_HUMAN	40.656	305	170	6	26	328	33	328	9.44e-76	233
Peve_00043372	sp|Q9NZC3|GDE1_HUMAN	42.230	296	161	5	22	315	38	325	2.81e-79	242
Peve_00043373	sp|Q9NZC3|GDE1_HUMAN	38.699	292	167	8	19	306	40	323	5.72e-59	189
Peve_00043434	sp|P08842|STS_HUMAN	42.208	154	74	6	9	147	8	161	3.31e-23	100
Peve_00043472	sp|P50416|CPT1A_HUMAN	45.176	653	321	14	15	654	144	772	4.00e-180	528
Peve_00043495	sp|Q95UJ0|RAB7A_PAROT	37.255	204	112	4	12	206	9	205	2.10e-40	134
Peve_00043506	sp|P39518|LCF2_YEAST	25.600	500	319	14	64	534	82	557	1.19e-36	142
Peve_00043558	sp|P36411|RAB7A_DICDI	49.020	204	100	2	2	204	3	203	7.52e-67	201
Peve_00043613	sp|Q3T001|H17B6_BOVIN	52.727	110	50	2	15	123	105	213	2.88e-33	115
Peve_00043614	sp|Q3T001|H17B6_BOVIN	43.226	310	169	5	12	318	3	308	3.30e-72	224
Peve_00043615	sp|O54753|H17B6_RAT	44.136	324	164	9	11	325	2	317	4.17e-73	236
Peve_00043616	sp|O54753|H17B6_RAT	41.875	320	160	8	17	328	5	306	1.41e-69	217
Peve_00043740	sp|O09174|AMACR_MOUSE	55.844	385	160	7	4	384	3	381	3.83e-148	422
Peve_00043832	sp|P49887|ST1E1_CAVPO	36.620	142	86	1	9	146	154	295	3.35e-28	102
Peve_00043838	sp|Q64573|EST1F_RAT	30.619	565	325	19	311	841	26	557	1.78e-70	240
Peve_00043840	sp|Q8RY16|PEX6_ARATH	32.665	349	203	11	63	405	564	886	1.57e-47	172
Peve_00043842	sp|Q29550|EST1_PIG	32.203	472	267	15	22	473	114	552	6.94e-65	217
Peve_00043844	sp|Q29550|EST1_PIG	33.039	566	309	19	105	640	27	552	1.40e-80	263
Peve_00043866	sp|P04066|FUCO_HUMAN	57.011	435	182	5	20	453	36	466	0.0	525
Peve_00043867	sp|P04066|FUCO_HUMAN	57.143	434	180	6	18	448	36	466	0.0	520
Peve_00043996	sp|P08684|CP3A4_HUMAN	39.474	494	269	10	51	537	25	495	1.44e-111	338
Peve_00044062	sp|Q9R1E6|ENPP2_MOUSE	33.198	738	394	23	95	796	164	838	2.86e-119	378
Peve_00044100	sp|Q8VDQ8|SIR2_MOUSE	30.830	253	130	12	45	282	74	296	1.76e-22	93.2
Peve_00044143	sp|P08842|STS_HUMAN	43.066	137	66	5	27	151	25	161	5.98e-25	105
Peve_00044173	sp|P97819|PLPL9_MOUSE	38.648	784	449	9	36	811	47	806	0.0	565
Peve_00044176	sp|P23780|BGAL_MOUSE	48.172	629	295	13	23	631	30	647	0.0	595
Peve_00044340	sp|Q90678|PAFA_CHICK	39.523	377	196	9	19	387	38	390	1.02e-82	256
Peve_00044352	sp|Q8K2H4|ACAP1_MOUSE	24.930	718	430	21	26	675	17	693	5.44e-44	169
Peve_00044378	sp|P54528|MMGF_BACSU	32.567	261	157	6	26	279	4	252	1.30e-36	130
Peve_00044383	sp|O97572|RAB7A_RABIT	32.515	163	103	2	20	175	9	171	9.17e-30	107
Peve_00044421	sp|Q8K009|AL1L2_MOUSE	28.367	490	328	9	19	498	446	922	1.41e-67	231
Peve_00044442	sp|Q6P1J6|PLB1_HUMAN	39.842	379	206	7	206	577	1083	1446	4.55e-76	261
Peve_00044449	sp|Q8K2H4|ACAP1_MOUSE	39.303	201	102	4	611	793	327	525	3.18e-40	156
Peve_00044494	sp|P69166|HSD_MYCBO	30.830	253	138	7	2	240	4	233	8.33e-23	91.3
Peve_00044663	sp|P43034|LIS1_HUMAN	29.221	308	174	12	164	428	104	410	1.85e-28	114
Peve_00044734	sp|P9WLR0|LIPZ_MYCTO	29.236	301	195	6	29	328	3	286	8.28e-35	126
Peve_00044754	sp|Q09128|CP24A_RAT	32.864	426	268	4	52	477	58	465	1.21e-81	259
Peve_00044756	sp|Q09128|CP24A_RAT	31.834	289	182	4	50	338	58	331	2.21e-47	164
Peve_00044919	sp|Q9Y5C1|ANGL3_HUMAN	37.264	212	124	6	611	817	246	453	3.29e-36	140
Peve_00044927	sp|P04799|CP1A2_RAT	30.947	475	294	12	110	565	41	500	3.18e-71	235
Peve_00044933	sp|P36411|RAB7A_DICDI	31.148	183	121	4	1	180	8	188	1.43e-26	98.2
Peve_00044947	sp|P31327|CPSM_HUMAN	49.259	1484	677	21	6	1460	43	1479	0.0	1393
Peve_00044990	sp|Q8RY16|PEX6_ARATH	31.776	321	173	8	127	438	653	936	1.01e-41	155
Peve_00044998	sp|Q60612|AA1R_MOUSE	25.862	348	210	10	417	740	1	324	1.70e-21	93.6
Peve_00045006	sp|Q9GL51|LIS1_PIG	29.181	281	155	12	5	255	142	408	8.09e-21	93.2
Peve_00045007	sp|Q60612|AA1R_MOUSE	28.479	309	182	9	32	326	16	299	6.50e-24	98.2
Peve_00045019	sp|Q95UJ0|RAB7A_PAROT	38.587	184	108	3	14	192	8	191	2.37e-41	137
Peve_00045138	sp|Q9XTR8|LIP1_CAEEL	34.471	293	168	6	46	318	31	319	5.16e-47	160
Peve_00045210	sp|Q9Y5C1|ANGL3_HUMAN	35.683	227	129	8	146	367	239	453	1.66e-35	132
Peve_00045247	sp|P28845|DHI1_HUMAN	32.422	256	146	8	36	288	30	261	1.29e-27	111
