Sample	aligned_reads	ambig_reads	discarded_reads	meth_chg	meth_chh	meth_cpg	no_alignments	percent_aligned	percent_chg_meth	percent_chh_meth	percent_cpg_meth	strand_ctob	strand_ctot	strand_ob	strand_ot	total_c	total_reads	unmeth_chg	unmeth_chh	unmeth_cpg
10--1E7_R1_001	22754436.0	7734364.0	32.0	1027504.0	4639879.0	20559647.0	8766190.0	57.96571595101667	0.6	0.6	12.5	8768.0	10051.0	11357301.0	11378284.0	1069194000.0	39254990.0	179119232.0	720185149.0	143662589.0
1A10_R1_001	23532381.0	8402385.0	37.0	1039923.0	4517027.0	18384855.0	9533909.0	56.74736653630722	0.6	0.6	10.8	6941.0	7868.0	11749229.0	11768306.0	1105371048.0	41468675.0	185485112.0	743822820.0	152121311.0
1A12_R1_001	25470332.0	8630240.0	28.0	1104276.0	4851730.0	18373897.0	7992916.0	60.508960435875494	0.5	0.6	9.9	9096.0	10384.0	12702946.0	12747878.0	1193059368.0	42093488.0	201492791.0	800730638.0	166506036.0
1A1_R1_001	23407118.0	7749689.0	20.0	1048194.0	4622092.0	19378013.0	8116478.0	59.60061145890903	0.6	0.6	11.3	8732.0	9794.0	11691055.0	11697517.0	1090545276.0	39273285.0	183290901.0	729525584.0	152680492.0
1A3_R1_001	26231513.0	9954354.0	9.0	1148180.0	4859707.0	17256076.0	10859202.0	55.758262359015774	0.5	0.6	8.7	11330.0	12226.0	13084162.0	13123786.0	1229755880.0	47045069.0	210175704.0	814869280.0	181446933.0
1A5_R1_001	24604547.0	9143208.0	33.0	1023534.0	4565962.0	19148877.0	8334999.0	58.467055174193206	0.5	0.6	10.6	8292.0	9225.0	12282079.0	12304918.0	1148661452.0	42082754.0	193312143.0	769490505.0	161120431.0
1A6_R1_001	22027508.0	7552272.0	17.0	914311.0	3904810.0	15596219.0	7088456.0	60.07245071729111	0.5	0.6	9.6	7447.0	7677.0	10988607.0	11023760.0	1031924700.0	36668236.0	174707897.0	689193356.0	147608107.0
1A8_R1_001	26802491.0	14024618.0	20.0	2453880.0	10221462.0	14076389.0	12226921.0	50.519236710199024	1.2	1.4	6.9	34095.0	36922.0	13350755.0	13380699.0	1159786591.0	53054030.0	199035220.0	744047942.0	189951698.0
1B10_R1_001	31249963.0	13305749.0	19.0	1704853.0	7638692.0	21019165.0	12327260.0	54.93728949324237	0.7	0.8	8.7	28386.0	30789.0	15601308.0	15589461.0	1416456232.0	56882972.0	244008926.0	922350188.0	219734408.0
1B1_R1_001	23809599.0	8109317.0	13.0	1131117.0	5000933.0	20659191.0	8377917.0	59.08553409147562	0.6	0.7	12.0	11426.0	12813.0	11885469.0	11899878.0	1107869303.0	40296833.0	186290708.0	742782443.0	152004911.0
1B2_R1_001	29242095.0	9865303.0	17.0	1214614.0	5378203.0	20863973.0	11670156.0	57.588624690350386	0.5	0.6	9.9	8798.0	10479.0	14584710.0	14638091.0	1370236864.0	50777554.0	229382303.0	922852071.0	190545700.0
1B4_R1_001	28595565.0	9200188.0	13.0	1572344.0	6738482.0	24996452.0	7448011.0	63.20332897147991	0.7	0.8	11.8	20820.0	22267.0	14268037.0	14284428.0	1325257400.0	45243764.0	225951166.0	879471473.0	186527483.0
1B5_R1_001	24596516.0	7263972.0	13.0	1281067.0	5494552.0	22955170.0	9108239.0	60.0372962528223	0.7	0.7	13.0	13199.0	13962.0	12269676.0	12299666.0	1153032351.0	40968727.0	193985887.0	775594967.0	153720708.0
1C6_R1_001	21295297.0	8655950.0	8.0	1091296.0	4700373.0	15511207.0	6989971.0	57.64643981148645	0.6	0.7	9.5	13301.0	14706.0	10653289.0	10613993.0	1002076741.0	36941218.0	171632041.0	662105018.0	147036806.0
1C8_R1_001	26282922.0	8922154.0	19.0	1138033.0	4924123.0	19513766.0	8891812.0	59.6026685601941	0.5	0.6	10.1	10036.0	10813.0	13110170.0	13151884.0	1223414547.0	44096888.0	206701042.0	818101034.0	173036549.0
1C9_R1_001	24738643.0	7462401.0	21.0	1096688.0	4847484.0	22039888.0	8459393.0	60.84204899224276	0.6	0.6	12.2	8299.0	9619.0	12348875.0	12371829.0	1168121845.0	40660437.0	197622279.0	783655240.0	158860266.0
1D3_R1_001	24271501.0	8671340.0	14.0	1150793.0	5222062.0	20338643.0	6392929.0	61.70338345988905	0.6	0.7	11.5	13666.0	15130.0	12117099.0	12125592.0	1128586248.0	39335770.0	190752550.0	754299596.0	156822604.0
1D7_R1_001	22128993.0	7643899.0	13.0	1001415.0	4387722.0	16311713.0	6952323.0	60.25558461672723	0.6	0.6	10.1	9344.0	10112.0	11039652.0	11069872.0	1036838700.0	36725215.0	175695574.0	693477891.0	145964385.0
1D8_R1_001	23087653.0	7879281.0	14.0	978780.0	4238169.0	18261701.0	9126587.0	57.58449850288778	0.5	0.6	11.0	7361.0	8094.0	11527881.0	11544303.0	1077629142.0	40093521.0	181486250.0	724684972.0	147979270.0
1D9_R1_001	24084305.0	10584542.0	14.0	1051651.0	4632046.0	15188940.0	10792580.0	52.977450531854174	0.6	0.6	8.2	13361.0	14745.0	12025559.0	12030626.0	1107129178.0	45461427.0	189412628.0	725690822.0	171153091.0
1F1_R1_001	29094285.0	9693261.0	11.0	1597052.0	7072643.0	26202699.0	7991705.0	62.19485002015103	0.7	0.8	12.4	23907.0	25641.0	14525605.0	14519121.0	1313622725.0	46779251.0	226550642.0	867748077.0	184451612.0
1F5_R1_001	27090925.0	9195870.0	10.0	1204810.0	5144210.0	19325986.0	9551796.0	59.100693125580584	0.6	0.6	9.7	11107.0	11776.0	13513089.0	13554943.0	1264899178.0	45838591.0	214077513.0	845065354.0	180081305.0
1F7_R1_001	22183594.0	7264579.0	14.0	1030055.0	4516898.0	15380694.0	6430269.0	61.829869870046196	0.6	0.7	9.4	11030.0	12036.0	11064931.0	11095583.0	1034760479.0	35878442.0	175058755.0	689993320.0	148780757.0
1F9_R1_001	22913675.0	7187644.0	15.0	950585.0	4071988.0	16856816.0	7797592.0	60.45998261005442	0.5	0.6	10.1	6890.0	7333.0	11430122.0	11469315.0	1068747197.0	37898911.0	180210989.0	717342971.0	149313848.0
1G4_R1_001	742410.0	287347.0	0.0	56940.0	649225.0	632977.0	33466887.0	2.1521223919636934	1.0	2.8	11.3	6890.0	10007.0	362512.0	363001.0	34695046.0	34496644.0	5786236.0	22593142.0	4976526.0
1G5_R1_001	21757242.0	9727892.0	14.0	1041388.0	4657323.0	13414123.0	11190142.0	50.98324847389387	0.6	0.7	7.8	16583.0	18534.0	10878796.0	10843315.0	998398210.0	42675276.0	175617304.0	645340815.0	158327257.0
1H11_R1_001	19937438.0	7878074.0	12.0	901687.0	3884045.0	12440494.0	10154940.0	52.507771042599124	0.6	0.6	8.2	11176.0	12175.0	9947264.0	9966811.0	927121530.0	37970452.0	159910168.0	609876395.0	140108741.0
1H2_R1_001	23605198.0	10082260.0	12.0	1179446.0	5039543.0	15355228.0	10504839.0	53.41473424655885	0.6	0.7	8.3	16807.0	18016.0	11798095.0	11772268.0	1102592494.0	44192297.0	192429725.0	717911386.0	170677166.0
1H3_R1_001	24126112.0	7361540.0	20.0	1085823.0	4804136.0	17936169.0	7744589.0	61.49562549842615	0.6	0.6	10.2	9697.0	10777.0	12036198.0	12069420.0	1130458716.0	39232241.0	190065670.0	759247266.0	157319652.0
1H5_R1_001	21954966.0	9817988.0	21.0	979200.0	4704180.0	14531995.0	9124049.0	53.68355720344593	0.6	0.7	8.8	14703.0	17189.0	10980809.0	10942244.0	994016903.0	40897003.0	170151898.0	653293027.0	150356603.0
1H6_R1_001	21131314.0	7140096.0	29.0	989733.0	4303539.0	18786996.0	10621785.0	54.33164850560619	0.6	0.6	12.3	7208.0	7913.0	10548243.0	10567921.0	992135980.0	38893195.0	166142802.0	667705281.0	134207629.0
1H9_R1_001	24067987.0	8500670.0	25.0	1060210.0	4504280.0	16809650.0	8724941.0	58.2850324643544	0.6	0.6	9.4	10529.0	11097.0	12021160.0	12025176.0	1122404978.0	41293598.0	190199487.0	747946312.0	161885039.0
2A3_R1_001	19848121.0	6476237.0	33.0	834445.0	3899963.0	16543613.0	7489268.0	58.69858795977693	0.5	0.6	11.7	7277.0	8961.0	9916798.0	9915052.0	930996440.0	33813626.0	156789755.0	627472108.0	125456556.0
2C2_R1_001	23778303.0	9118825.0	11.0	1119480.0	4845569.0	15529126.0	9620230.0	55.9261066974105	0.6	0.7	8.5	14691.0	15513.0	11858091.0	11889997.0	1110539087.0	42517358.0	191317889.0	731561117.0	166165906.0
2D1_R1_001	23193848.0	8285951.0	3.0	1038004.0	4751090.0	17338471.0	6670984.0	60.795208318529134	0.6	0.7	10.0	13289.0	14659.0	11581577.0	11584320.0	1079748200.0	38150783.0	183430569.0	716884450.0	156305616.0
2D2_R1_001	17677818.0	5686497.0	20.0	707033.0	3168458.0	14079126.0	6675752.0	58.84746528694493	0.5	0.6	10.9	5525.0	6232.0	8832976.0	8833065.0	830728571.0	30040067.0	139762691.0	558100940.0	114910323.0
2G2_R1_001	26451900.0	8127370.0	28.0	1088373.0	4780673.0	20248606.0	9050742.0	60.62776237604519	0.5	0.6	10.6	9452.0	10055.0	13193453.0	13238912.0	1238369019.0	43630012.0	209398023.0	831393233.0	171460111.0
2H3_R1_001	18852699.0	5202930.0	6.0	877595.0	3810762.0	17357119.0	8048163.0	58.7242123921062	0.6	0.6	12.8	7405.0	7952.0	9405981.0	9431355.0	884524305.0	32103792.0	148704491.0	595794175.0	117980163.0
39--2E2_R1_001	22802024.0	8923698.0	6.0	1102118.0	4917437.0	14193743.0	7087421.0	58.74820289611692	0.6	0.7	8.1	15661.0	17129.0	11372382.0	11396846.0	1077310212.0	38813143.0	186542714.0	709243625.0	161310575.0
6--1E3_R1_001	28414629.0	9309041.0	11.0	1379967.0	6194728.0	22394477.0	10823022.0	58.530515323268574	0.6	0.7	10.9	14403.0	16293.0	14175941.0	14207981.0	1325175058.0	48546692.0	223143644.0	888615390.0	183446852.0
