FUN_000194-T1	sp|P70182|PI51A_MOUSE	60.579	449	126	6	56	496	43	448	0.0	547
FUN_000213-T1	sp|Q0DXS3|RDR1_ORYSJ	39.276	774	397	20	418	1174	10	727	2.66e-152	482
FUN_000213-T2	sp|Q0DXS3|RDR1_ORYSJ	39.276	774	397	20	418	1174	10	727	2.28e-150	482
FUN_000220-T1	sp|O16025|AOSL_PLEHO	26.095	548	359	13	154	688	551	1065	3.37e-43	167
FUN_000231-T1	sp|Q8RY89|PI5K8_ARATH	37.569	181	113	0	1216	1396	10	190	1.33e-29	127
FUN_000247-T1	sp|P22045|PGFS_LEIMA	37.729	273	145	8	459	725	9	262	4.11e-43	158
FUN_000247-T2	sp|P22045|PGFS_LEIMA	37.729	273	145	8	416	682	9	262	3.05e-43	158
FUN_000301-T1	sp|O88488|PTPRQ_RAT	34.081	223	123	7	21	239	748	950	2.04e-21	92.4
FUN_000323-T1	sp|Q9QYF3|MYO5A_RAT	46.953	1887	872	23	1	1817	1	1828	0.0	1624
FUN_000323-T2	sp|Q9QYF3|MYO5A_RAT	47.313	1433	662	17	1	1369	1	1404	0.0	1221
FUN_000323-T3	sp|Q9QYF3|MYO5A_RAT	46.686	1705	780	23	1	1635	1	1646	0.0	1427
FUN_000329-T1	sp|P06787|CALM_YEAST	37.063	143	89	1	23	165	5	146	4.23e-26	96.7
FUN_000329-T2	sp|P06787|CALM_YEAST	37.121	132	82	1	23	154	5	135	2.73e-22	86.7
FUN_000395-T1	sp|Q9D0S9|HINT2_MOUSE	51.773	141	65	2	33	173	26	163	9.18e-48	152
FUN_000408-T1	sp|Q9NPH0|PPA6_HUMAN	34.239	368	227	7	82	444	48	405	2.39e-66	218
FUN_000418-T1	sp|P08684|CP3A4_HUMAN	31.522	460	259	16	46	484	41	465	5.36e-57	197
FUN_000419-T1	sp|Q0DXS3|RDR1_ORYSJ	39.170	771	396	17	420	1174	14	727	3.27e-148	476
FUN_000440-T1	sp|P11029|ACAC_CHICK	63.109	2258	799	14	18	2268	93	2323	0.0	3017
FUN_000482-T1	sp|Q8HZN9|BKRB1_PIG	31.615	291	173	12	41	311	46	330	5.19e-26	107
FUN_000489-T1	sp|Q9UMZ3|PTPRQ_HUMAN	38.346	266	143	7	2447	2701	2038	2293	1.17e-45	182
FUN_000502-T1	sp|Q38997|KIN10_ARATH	40.000	260	146	5	12	269	19	270	4.74e-51	180
FUN_000519-T1	sp|P08684|CP3A4_HUMAN	37.090	488	275	11	31	501	25	497	2.56e-107	328
FUN_000520-T1	sp|P08684|CP3A4_HUMAN	38.223	484	275	11	31	501	25	497	2.24e-110	336
FUN_000578-T1	sp|Q8IZF2|AGRF5_HUMAN	29.708	377	229	16	496	853	954	1313	7.36e-34	140
FUN_000579-T1	sp|Q8JFG2|PA2H_LATSE	36.686	169	81	4	7	169	1	149	8.28e-27	98.6
FUN_000582-T1	sp|Q8JFG2|PA2H_LATSE	40.800	125	63	5	43	161	20	139	6.71e-21	83.2
FUN_000583-T1	sp|Q9W7J3|PA2A2_PSETE	42.647	136	65	5	36	159	9	143	9.44e-27	98.6
FUN_000606-T1	sp|Q96LT4|SAMD8_HUMAN	53.333	405	173	6	9	400	9	410	2.55e-148	426
FUN_000620-T1	sp|O95427|PIGN_HUMAN	53.165	948	412	9	10	950	6	928	0.0	967
FUN_000628-T1	sp|Q9R1S3|PIGN_MOUSE	67.290	107	35	0	11	117	4	110	3.25e-46	159
FUN_000644-T1	sp|Q9GKU6|FUT6_PONPY	37.079	267	139	10	56	308	87	338	2.43e-40	144
FUN_000873-T1	sp|Q9JJ04|B4GT4_MOUSE	36.646	161	100	2	88	246	116	276	6.36e-28	110
FUN_000931-T1	sp|Q6P4M0|DHCR7_XENTR	49.886	437	200	5	70	493	43	473	2.15e-147	429
FUN_000932-T1	sp|Q38997|KIN10_ARATH	30.605	281	181	4	380	659	6	273	4.64e-36	142
FUN_000937-T1	sp|P92958|KIN11_ARATH	32.700	263	159	8	81	332	17	272	6.96e-32	129
FUN_000939-T1	sp|P92958|KIN11_ARATH	31.939	263	161	8	81	332	17	272	8.76e-31	126
FUN_000941-T1	sp|Q38997|KIN10_ARATH	31.183	279	174	8	60	327	16	287	4.83e-32	130
FUN_000968-T1	sp|Q2QRV3|PIOX_ORYSJ	41.135	423	220	12	10	418	210	617	8.82e-98	304
FUN_000971-T1	sp|Q2QRV3|PIOX_ORYSJ	37.705	549	312	13	169	705	85	615	3.15e-115	359
FUN_000977-T1	sp|P51813|BMX_HUMAN	35.751	386	222	11	483	848	291	670	2.70e-67	236
FUN_001040-T1	sp|Q9Z0M5|LICH_MOUSE	42.969	384	214	3	20	401	14	394	6.64e-107	320
FUN_001053-T1	sp|Q9FLT0|TSN2_ARATH	34.851	1010	478	38	9	887	13	973	6.70e-156	482
FUN_001079-T1	sp|P07314|GGT1_RAT	38.817	541	307	11	78	606	35	563	4.79e-114	352
FUN_001080-T1	sp|P07314|GGT1_RAT	39.439	535	302	10	103	626	40	563	9.58e-116	357
FUN_001081-T1	sp|Q38997|KIN10_ARATH	40.942	276	153	5	2	275	4	271	2.65e-56	195
FUN_001160-T1	sp|P28329|CLAT_HUMAN	29.858	633	384	18	201	810	126	721	1.10e-63	227
FUN_001201-T1	sp|P38571|LICH_HUMAN	43.850	374	207	2	28	400	27	398	1.74e-103	311
FUN_001202-T1	sp|Q9Z0M5|LICH_MOUSE	39.785	372	197	3	31	378	26	394	8.69e-92	280
FUN_001204-T1	sp|P38571|LICH_HUMAN	42.933	375	211	2	27	400	24	396	3.37e-100	303
FUN_001205-T1	sp|Q9Z0M5|LICH_MOUSE	43.935	371	205	2	29	398	26	394	9.17e-105	315
FUN_001211-T1	sp|O45870|NSMA_CAEEL	38.562	306	167	6	16	303	27	329	3.92e-66	217
FUN_001215-T1	sp|P97813|PLD2_MOUSE	43.900	918	461	15	66	971	58	933	0.0	721
FUN_001218-T1	sp|Q7JK26|B3GT1_PANTR	32.377	244	158	5	100	337	79	321	1.50e-36	134
FUN_001236-T1	sp|Q61907|PEMT_MOUSE	48.148	189	98	0	18	206	11	199	1.70e-62	192
FUN_001236-T2	sp|Q61907|PEMT_MOUSE	48.148	189	98	0	49	237	11	199	4.48e-62	192
FUN_001238-T1	sp|P0C5E4|PTPRQ_MOUSE	25.693	541	351	17	421	949	580	1081	1.74e-22	104
FUN_001246-T1	sp|A0A2U8U2L3|ASL3_SARSH	28.571	329	198	15	7	315	10	321	1.06e-23	99.0
FUN_001267-T1	sp|P50637|TSPO_MOUSE	43.396	159	90	0	2	160	1	159	4.70e-45	145
FUN_001271-T1	sp|Q38997|KIN10_ARATH	30.479	292	185	5	411	701	8	282	3.85e-38	148
FUN_001326-T1	sp|P38571|LICH_HUMAN	56.934	137	54	2	8	139	6	142	1.81e-48	159
FUN_001327-T1	sp|Q9Z0M5|LICH_MOUSE	48.996	249	125	2	1	249	145	391	4.77e-83	253
FUN_001344-T1	sp|O94806|KPCD3_HUMAN	29.066	289	163	11	19	299	580	834	2.33e-22	97.4
FUN_001354-T1	sp|Q9BXW6|OSBL1_HUMAN	34.025	241	114	8	19	245	4	213	3.25e-21	100
FUN_001356-T1	sp|O94788|AL1A2_HUMAN	36.832	505	294	7	19	508	9	503	6.39e-110	346
FUN_001370-T1	sp|Q8IZF2|AGRF5_HUMAN	29.944	354	214	15	531	863	918	1258	8.02e-32	133
FUN_001370-T2	sp|Q8IZF2|AGRF5_HUMAN	30.311	386	233	16	531	893	918	1290	8.68e-38	153
FUN_001416-T1	sp|Q38997|KIN10_ARATH	38.722	266	147	7	30	292	19	271	1.26e-46	167
FUN_001418-T1	sp|P28329|CLAT_HUMAN	29.430	649	390	19	146	761	108	721	3.39e-67	236
FUN_001518-T1	sp|P0ABU5|ELBB_ECOLI	46.637	223	108	3	33	254	4	216	1.78e-62	194
FUN_001529-T1	sp|O08560|DGKZ_RAT	47.029	791	313	14	2	778	231	929	0.0	681
FUN_001529-T2	sp|O75912|DGKI_HUMAN	47.297	962	420	16	8	938	152	1057	0.0	856
FUN_001529-T3	sp|O75912|DGKI_HUMAN	46.787	996	432	19	32	996	129	1057	0.0	860
FUN_001535-T1	sp|Q9Y4D2|DGLA_HUMAN	34.578	830	464	17	1	792	1	789	1.56e-149	473
FUN_001616-T1	sp|Q61586|GPAT1_MOUSE	32.984	764	469	15	91	825	54	803	9.05e-133	416
FUN_001653-T1	sp|Q29611|CLN3_CANLF	24.225	355	243	6	71	419	95	429	5.12e-23	100
FUN_001656-T1	sp|Q8N5I4|DHRSX_HUMAN	28.028	289	181	8	18	291	29	305	1.82e-21	92.4
FUN_001733-T1	sp|P27545|CERS1_MOUSE	39.716	282	168	2	40	320	52	332	9.59e-69	219
FUN_001735-T1	sp|P06787|CALM_YEAST	38.849	139	80	3	1	136	1	137	1.39e-26	97.1
FUN_001738-T1	sp|A7S4N4|SERIC_NEMVE	40.909	110	63	1	20	129	30	137	1.36e-22	91.7
FUN_001739-T1	sp|A7S4N4|SERIC_NEMVE	41.887	265	145	5	1	261	188	447	1.94e-61	207
FUN_001784-T1	sp|Q38997|KIN10_ARATH	32.016	253	162	6	221	468	18	265	2.28e-30	127
FUN_001794-T1	sp|P05183|CP3A2_RAT	41.015	473	258	12	46	509	38	498	8.23e-112	340
FUN_001794-T2	sp|P05183|CP3A2_RAT	39.429	350	188	12	46	385	38	373	1.02e-68	224
FUN_002080-T1	sp|P51813|BMX_HUMAN	34.228	298	180	5	463	760	388	669	7.29e-49	184
FUN_002080-T2	sp|P51813|BMX_HUMAN	33.460	263	159	5	463	725	388	634	9.32e-39	152
FUN_002100-T1	sp|P51813|BMX_HUMAN	41.748	103	59	1	31	133	533	634	5.40e-22	92.0
FUN_002102-T1	sp|P51813|BMX_HUMAN	32.852	277	162	5	530	806	410	662	2.50e-45	173
FUN_002103-T1	sp|P51813|BMX_HUMAN	35.000	280	160	7	314	593	410	667	1.97e-45	171
FUN_002377-T1	sp|Q29611|CLN3_CANLF	26.150	413	250	6	31	403	37	434	4.90e-36	137
FUN_002378-T1	sp|Q8TCT0|CERK1_HUMAN	45.077	457	231	5	81	527	83	529	3.30e-137	407
FUN_002379-T1	sp|P54645|AAPK1_RAT	28.339	307	179	10	143	441	6	279	7.29e-24	104
FUN_002382-T1	sp|Q4R2Y9|ABHD2_MACFA	40.244	410	237	4	4	410	16	420	6.22e-110	329
FUN_002405-T1	sp|O73853|CP17A_ICTPU	32.574	439	287	7	11	443	31	466	2.51e-80	257
FUN_002429-T1	sp|P92958|KIN11_ARATH	33.840	263	166	4	369	630	17	272	2.92e-38	148
FUN_002429-T2	sp|Q940H6|SRK2E_ARATH	35.849	212	127	5	372	580	21	226	8.98e-35	134
FUN_002433-T1	sp|Q4WF54|SIDH_ASPFU	29.600	250	169	4	59	306	21	265	8.28e-26	103
FUN_002454-T1	sp|Q38997|KIN10_ARATH	31.900	279	175	7	79	348	18	290	1.75e-36	138
FUN_002454-T2	sp|Q38997|KIN10_ARATH	32.014	278	174	7	142	410	19	290	3.50e-36	139
FUN_002578-T1	sp|P05183|CP3A2_RAT	38.958	480	278	8	48	517	23	497	3.33e-103	318
FUN_002579-T1	sp|P05183|CP3A2_RAT	35.984	503	304	10	6	497	2	497	7.49e-98	303
FUN_002667-T1	sp|Q7TMF5|SPA12_MOUSE	28.650	363	248	8	21	381	58	411	1.47e-47	166
FUN_002679-T1	sp|P51813|BMX_HUMAN	38.182	110	67	1	3	112	533	641	1.21e-22	90.9
FUN_002682-T1	sp|P51813|BMX_HUMAN	36.299	281	157	5	396	676	411	669	1.30e-51	189
FUN_002683-T1	sp|P51813|BMX_HUMAN	37.276	279	153	6	263	541	411	667	2.20e-53	191
FUN_002697-T1	sp|Q9X248|FABG_THEMA	38.889	252	138	6	38	280	2	246	1.84e-52	171
FUN_002723-T1	sp|P39954|SAHH_YEAST	48.884	448	213	3	79	510	2	449	1.15e-147	430
FUN_002838-T1	sp|P51813|BMX_HUMAN	36.601	153	95	1	98	250	523	673	9.11e-30	118
FUN_002878-T1	sp|P51813|BMX_HUMAN	32.534	292	167	7	11	300	410	673	1.67e-39	147
FUN_002889-T1	sp|P51813|BMX_HUMAN	33.981	206	120	4	46	250	483	673	8.59e-34	129
FUN_002889-T2	sp|P51813|BMX_HUMAN	34.171	199	116	3	2	200	490	673	2.65e-34	127
FUN_002902-T1	sp|P51813|BMX_HUMAN	33.180	217	119	6	23	239	410	600	2.42e-22	95.1
FUN_002935-T1	sp|P51813|BMX_HUMAN	32.414	290	170	6	11	300	410	673	2.24e-41	151
FUN_003163-T1	sp|P05370|G6PD_RAT	66.112	481	162	1	46	526	30	509	0.0	697
FUN_003163-T2	sp|P05370|G6PD_RAT	66.112	481	162	1	7	487	30	509	0.0	697
FUN_003450-T1	sp|Q6T3U3|NPCL1_RAT	21.581	658	427	16	245	821	567	1216	1.24e-37	152
FUN_003453-T1	sp|Q7TXL8|PPSC_MYCBO	26.238	2241	1378	69	870	2987	37	2125	6.98e-162	558
FUN_003587-T1	sp|P51813|BMX_HUMAN	32.646	291	171	6	60	350	410	675	1.38e-50	179
FUN_003718-T1	sp|P37193|ADXH1_DROME	70.149	134	40	0	54	187	39	172	3.09e-71	213
FUN_003800-T1	sp|P0C5E4|PTPRQ_MOUSE	28.496	379	230	14	233	603	626	971	7.14e-24	107
FUN_003840-T1	sp|O88488|PTPRQ_RAT	39.716	282	164	3	886	1165	1984	2261	6.87e-57	218
FUN_003844-T1	sp|Q5ZLF4|ZNT5_CHICK	44.134	358	175	2	25	382	400	732	1.94e-93	295
FUN_003844-T2	sp|Q28CE7|ZNT5_XENTR	51.634	153	66	1	29	181	403	547	2.88e-49	172
FUN_003852-T1	sp|Q9BRB3|PIGQ_HUMAN	30.292	548	307	15	10	526	3	506	3.75e-61	214
FUN_003852-T2	sp|Q9QYT7|PIGQ_MOUSE	42.215	289	145	5	333	621	313	579	3.72e-62	215
FUN_003856-T1	sp|A0A0C2SRU0|IBOD_AMAMK	42.121	330	162	8	26	328	1	328	3.50e-79	246
FUN_003857-T1	sp|A0A0C2SRU0|IBOD_AMAMK	43.636	330	157	8	597	899	1	328	3.54e-80	263
FUN_003859-T1	sp|A0A0C2SRU0|IBOD_AMAMK	40.282	355	179	9	112	439	1	349	1.60e-77	245
FUN_003861-T1	sp|A0A0C2SRU0|IBOD_AMAMK	42.121	330	162	8	122	424	1	328	1.60e-77	249
FUN_003863-T1	sp|A0A0C2SRU0|IBOD_AMAMK	43.939	330	156	8	124	426	1	328	2.98e-85	265
FUN_003867-T1	sp|A0A0C2SRU0|IBOD_AMAMK	42.121	330	162	8	26	328	1	328	5.00e-79	246
FUN_003868-T1	sp|A0A0C2SRU0|IBOD_AMAMK	43.636	330	157	8	161	463	1	328	1.63e-84	264
FUN_003869-T1	sp|A0A0C2SRU0|IBOD_AMAMK	41.261	349	176	8	123	444	1	347	6.78e-82	256
FUN_003871-T1	sp|A0A0C2SRU0|IBOD_AMAMK	41.972	355	173	10	570	897	1	349	2.35e-80	263
FUN_003874-T1	sp|A0A0C2SRU0|IBOD_AMAMK	43.769	329	157	7	120	421	1	328	1.35e-84	265
FUN_003875-T1	sp|A0A0C2SRU0|IBOD_AMAMK	42.121	330	162	8	31	333	1	328	1.36e-82	254
FUN_003876-T1	sp|A0A0C2SRU0|IBOD_AMAMK	40.678	354	178	10	123	449	1	349	8.50e-78	245
FUN_003882-T1	sp|O88488|PTPRQ_RAT	31.208	298	182	12	592	885	667	945	3.49e-21	100
FUN_003887-T1	sp|Q38997|KIN10_ARATH	35.361	263	162	3	34	293	16	273	8.63e-51	176
FUN_003887-T2	sp|Q38997|KIN10_ARATH	35.361	263	162	3	39	298	16	273	1.74e-50	175
FUN_003917-T1	sp|P0C5E4|PTPRQ_MOUSE	28.800	375	227	15	230	593	626	971	5.31e-25	110
FUN_003919-T1	sp|P0C5E4|PTPRQ_MOUSE	28.723	376	226	16	230	593	626	971	1.34e-24	109
FUN_003921-T1	sp|P0C5E4|PTPRQ_MOUSE	29.067	375	226	15	230	593	626	971	1.96e-25	112
FUN_003923-T1	sp|P0C5E4|PTPRQ_MOUSE	28.533	375	228	14	230	593	626	971	6.26e-25	110
FUN_003924-T1	sp|P0C5E4|PTPRQ_MOUSE	31.707	410	234	20	222	621	533	906	8.20e-36	146
FUN_003925-T1	sp|Q9UMZ3|PTPRQ_HUMAN	36.429	280	163	6	752	1020	2015	2290	3.75e-47	185
FUN_004000-T1	sp|Q8IZF2|AGRF5_HUMAN	29.060	351	220	14	885	1212	931	1275	3.32e-32	136
FUN_004036-T1	sp|Q55GC7|SGMD_DICDI	25.561	446	267	19	80	496	21	430	5.94e-32	127
FUN_004056-T1	sp|P92958|KIN11_ARATH	31.522	276	166	5	524	798	19	272	1.22e-33	137
FUN_004060-T1	sp|Q9WVT0|AGRF5_RAT	30.398	352	215	13	283	607	929	1277	9.36e-35	141
FUN_004060-T2	sp|Q9WVT0|AGRF5_RAT	30.398	352	215	13	283	607	929	1277	1.61e-34	141
FUN_004062-T1	sp|Q8RY89|PI5K8_ARATH	40.602	133	78	1	30	162	26	157	2.55e-22	94.0
FUN_004071-T1	sp|Q9UMZ3|PTPRQ_HUMAN	27.273	407	260	14	42	445	713	1086	1.59e-27	120
FUN_004078-T1	sp|O74557|NCB5R_SCHPO	37.500	232	131	4	114	343	58	277	5.93e-46	158
FUN_004079-T1	sp|Q8IZF2|AGRF5_HUMAN	31.290	310	193	11	994	1286	968	1274	9.58e-31	131
FUN_004079-T2	sp|Q9WVT0|AGRF5_RAT	29.803	406	234	18	910	1285	892	1276	2.19e-30	130
FUN_004085-T1	sp|Q8IZF2|AGRF5_HUMAN	27.978	554	322	25	517	1035	795	1306	3.31e-36	149
FUN_004085-T2	sp|Q8IZF2|AGRF5_HUMAN	27.405	551	329	23	517	1035	795	1306	7.83e-36	147
FUN_004100-T1	sp|P13217|PIPA_DROME	37.209	602	334	13	178	755	200	781	1.91e-107	352
FUN_004158-T1	sp|P36969|GPX4_HUMAN	35.948	153	91	2	21	167	38	189	3.95e-33	116
FUN_004160-T1	sp|Q6QI06|RICTR_MOUSE	49.352	1003	495	6	11	1011	18	1009	0.0	993
FUN_004174-T1	sp|P0C5E4|PTPRQ_MOUSE	29.466	2155	1299	79	190	2251	274	2300	1.56e-177	604
FUN_004213-T1	sp|Q16739|CEGT_HUMAN	42.784	388	220	2	16	402	7	393	2.45e-117	347
FUN_004225-T1	sp|Q5RDH5|AAPK1_PONAB	35.613	351	215	5	94	438	18	363	8.32e-67	223
FUN_004230-T1	sp|Q6CS27|MCR1_KLULA	29.804	255	158	6	513	748	44	296	1.56e-28	115
FUN_004247-T1	sp|Q9BZC7|ABCA2_HUMAN	42.017	1190	549	24	536	1683	458	1548	0.0	880
FUN_004248-T1	sp|Q6T3U3|NPCL1_RAT	25.247	507	302	14	156	600	589	1080	4.34e-32	132
FUN_004251-T1	sp|O86318|ACCD2_MYCTU	41.558	539	290	12	44	570	4	529	5.53e-120	364
FUN_004264-T1	sp|Q13131|AAPK1_HUMAN	28.889	270	177	6	841	1109	26	281	1.33e-27	118
FUN_004270-T1	sp|Q4WF54|SIDH_ASPFU	27.941	272	174	5	45	310	1	256	4.37e-29	112
FUN_004275-T1	sp|Q68FV1|TM38B_RAT	28.916	249	175	2	16	262	12	260	4.95e-35	126
FUN_004284-T1	sp|Q61469|PLPP1_MOUSE	33.818	275	167	3	39	310	4	266	1.08e-48	163
FUN_004312-T1	sp|Q6T3U3|NPCL1_RAT	29.204	226	155	3	333	553	592	817	3.33e-27	119
FUN_004313-T2	sp|Q6T3U3|NPCL1_RAT	27.679	224	150	4	360	573	592	813	4.54e-23	106
FUN_004317-T1	sp|Q9NZ01|TECR_HUMAN	51.645	304	146	1	2	304	5	308	3.26e-115	334
FUN_004346-T1	sp|Q09137|AAPK2_RAT	58.865	564	177	9	37	566	9	551	0.0	650
FUN_004350-T1	sp|P28288|ABCD3_HUMAN	65.964	617	204	1	61	677	49	659	0.0	879
FUN_004359-T1	sp|Q1LZA4|PIGW_BOVIN	33.775	453	278	11	8	450	2	442	5.52e-68	228
FUN_004368-T1	sp|P07314|GGT1_RAT	40.531	565	292	16	65	618	37	568	1.14e-121	371
FUN_004370-T1	sp|Q9BX51|GGTL1_HUMAN	48.227	141	65	5	1	134	1	140	1.21e-30	110
FUN_004373-T1	sp|O88488|PTPRQ_RAT	25.697	1506	954	47	298	1722	843	2264	3.08e-100	360
FUN_004373-T2	sp|O88488|PTPRQ_RAT	25.697	1506	954	47	298	1722	843	2264	5.99e-100	359
FUN_004400-T1	sp|Q9UMZ3|PTPRQ_HUMAN	33.333	354	227	6	1379	1727	1968	2317	3.82e-54	209
FUN_004405-T1	sp|P0C7I7|SCOA_XANCP	57.759	232	80	1	55	286	24	237	4.28e-88	270
FUN_004413-T1	sp|P06787|CALM_YEAST	40.559	143	84	1	3	145	4	145	4.70e-37	124
FUN_004414-T1	sp|P06787|CALM_YEAST	35.616	146	83	5	4	143	5	145	4.34e-21	84.3
FUN_004421-T1	sp|P0C5E4|PTPRQ_MOUSE	38.125	320	181	6	997	1308	1980	2290	5.96e-60	228
FUN_004428-T1	sp|P06787|CALM_YEAST	36.620	142	89	1	4	145	5	145	9.38e-31	108
FUN_004465-T1	sp|P92958|KIN11_ARATH	29.630	297	195	5	49	344	20	303	1.16e-38	149
FUN_004468-T1	sp|Q8UUU2|P85AA_XENLA	33.538	650	379	20	320	953	104	716	1.70e-92	308
FUN_004468-T2	sp|Q8UUU2|P85AA_XENLA	34.436	514	302	16	320	817	104	598	3.31e-74	257
FUN_004468-T3	sp|Q8UUU2|P85AA_XENLA	33.846	650	377	21	90	723	104	716	5.06e-95	310
FUN_004498-T1	sp|Q55GC7|SGMD_DICDI	25.176	425	253	14	75	471	21	408	2.06e-34	134
FUN_004506-T1	sp|Q8N5I4|DHRSX_HUMAN	39.308	318	175	7	6	312	15	325	7.28e-56	183
FUN_004511-T1	sp|P51813|BMX_HUMAN	40.769	260	144	5	423	680	411	662	1.29e-53	195
FUN_004560-T1	sp|Q9W385|FRDA_DROME	54.472	123	51	2	61	178	66	188	1.27e-41	138
FUN_004566-T1	sp|A7Z064|HMDH_BOVIN	45.269	930	427	13	6	901	2	883	0.0	763
FUN_004573-T1	sp|O73853|CP17A_ICTPU	31.299	508	332	5	16	516	4	501	2.36e-90	285
FUN_004628-T1	sp|Q9UMZ3|PTPRQ_HUMAN	26.218	1026	593	40	190	1174	666	1568	3.43e-44	176
FUN_004647-T1	sp|P20153|USP_DROME	60.000	70	28	0	48	117	104	173	1.65e-28	109
FUN_004752-T1	sp|Q63639|AL1A2_RAT	66.186	485	163	1	405	888	34	518	0.0	687
FUN_004786-T1	sp|P78368|KC1G2_HUMAN	78.248	331	71	1	4	334	5	334	0.0	545
FUN_004805-T1	sp|Q8VZG8|MIK2_ARATH	30.000	390	230	12	120	480	284	659	4.11e-27	119
FUN_004809-T1	sp|Q8VZG8|MIK2_ARATH	28.967	397	229	14	105	469	284	659	5.66e-25	112
FUN_004812-T1	sp|Q8VZG8|MIK2_ARATH	29.676	401	238	13	80	452	284	668	4.93e-22	102
FUN_004813-T1	sp|Q8VZG8|MIK2_ARATH	29.716	387	238	9	78	441	284	659	9.73e-26	114
FUN_004814-T1	sp|Q8VZG8|MIK2_ARATH	30.155	388	230	13	78	439	284	656	9.06e-25	111
FUN_004815-T1	sp|Q8VZG8|MIK2_ARATH	30.179	391	232	13	78	442	284	659	1.40e-24	110
FUN_004817-T1	sp|Q8VD53|ACER2_MOUSE	47.232	271	137	3	3	270	8	275	8.46e-81	244
FUN_004851-T1	sp|P51813|BMX_HUMAN	31.047	277	170	7	406	682	412	667	1.21e-37	149
FUN_004852-T1	sp|P70473|AMACR_RAT	53.214	280	125	5	10	287	107	382	1.05e-103	306
FUN_004862-T1	sp|Q1LZA0|PIGB_BOVIN	44.547	541	260	6	15	548	27	534	7.36e-159	463
FUN_004890-T1	sp|O54905|B3GT2_MOUSE	31.602	231	143	9	80	301	130	354	6.07e-28	112
FUN_004895-T1	sp|Q15139|KPCD1_HUMAN	28.618	304	163	10	18	315	587	842	2.68e-21	97.4
FUN_004896-T1	sp|Q9UMZ3|PTPRQ_HUMAN	33.681	288	173	4	296	581	2020	2291	3.78e-48	181
FUN_004914-T1	sp|P12527|LOX5_RAT	31.646	395	229	9	79	458	200	568	8.79e-51	183
FUN_004916-T1	sp|Q9BXW7|HDHD5_HUMAN	43.928	387	192	9	41	415	45	418	1.65e-98	300
FUN_004919-T1	sp|Q38997|KIN10_ARATH	39.051	274	150	6	21	288	21	283	1.11e-57	193
FUN_004979-T1	sp|Q9UMZ3|PTPRQ_HUMAN	32.014	278	170	7	900	1168	2028	2295	5.12e-28	122
FUN_004980-T2	sp|Q9UMZ3|PTPRQ_HUMAN	31.544	298	186	10	1075	1363	2007	2295	2.07e-29	127
FUN_005099-T1	sp|Q38997|KIN10_ARATH	34.363	259	160	5	68	319	16	271	7.10e-36	140
FUN_005123-T1	sp|P54965|CBH_CLOPE	32.384	281	172	8	35	311	2	268	2.55e-39	140
FUN_005129-T1	sp|P54965|CBH_CLOPE	29.358	327	202	9	23	343	2	305	3.09e-40	144
FUN_005131-T1	sp|P54965|CBH_CLOPE	30.745	322	201	8	23	340	2	305	1.87e-43	153
FUN_005188-T1	sp|Q58CR4|DOLK_BOVIN	44.231	260	133	5	48	298	269	525	7.32e-66	215
FUN_005193-T1	sp|P12527|LOX5_RAT	27.850	614	370	16	42	639	115	671	5.49e-55	198
FUN_005200-T1	sp|Q7JK26|B3GT1_PANTR	29.167	216	146	6	128	337	71	285	1.25e-27	110
FUN_005249-T1	sp|P35396|PPARD_MOUSE	26.374	364	196	9	57	367	62	406	7.59e-31	123
FUN_005317-T1	sp|P10731|AMD_BOVIN	48.014	277	126	8	40	314	59	319	1.97e-74	258
FUN_005352-T1	sp|Q9EQ60|CAC1H_RAT	30.105	382	239	6	1101	1478	1294	1651	1.45e-50	197
FUN_005356-T1	sp|Q6AX59|ABHD8_XENLA	45.418	251	134	2	77	325	167	416	1.22e-72	233
FUN_005467-T1	sp|P51813|BMX_HUMAN	39.194	273	151	5	1088	1360	410	667	3.11e-54	202
FUN_005467-T2	sp|P51813|BMX_HUMAN	39.194	273	151	5	1005	1277	410	667	2.86e-54	202
FUN_005474-T1	sp|Q38997|KIN10_ARATH	34.602	289	179	8	16	302	16	296	4.92e-39	148
FUN_005781-T1	sp|P51813|BMX_HUMAN	32.271	251	144	6	11	261	410	634	1.49e-31	122
FUN_005814-T1	sp|Q05609|CTR1_ARATH	33.080	263	164	8	369	622	542	801	2.88e-36	145
FUN_005822-T1	sp|Q2ABP2|PGAP2_CRIGR	42.400	125	72	0	33	157	119	243	5.51e-27	101
FUN_005822-T2	sp|Q2ABP2|PGAP2_CRIGR	38.208	212	122	4	4	213	7	211	1.68e-39	136
FUN_005822-T3	sp|Q2ABP2|PGAP2_CRIGR	39.344	244	139	4	4	245	7	243	2.82e-50	165
FUN_005823-T1	sp|Q2ABP2|PGAP2_CRIGR	45.238	210	106	4	26	234	30	231	1.74e-53	173
FUN_005823-T2	sp|Q2ABP2|PGAP2_CRIGR	41.420	169	90	3	1	168	71	231	1.40e-34	122
FUN_005823-T3	sp|Q2ABP2|PGAP2_CRIGR	46.429	112	60	0	100	211	120	231	4.20e-28	106
FUN_005883-T1	sp|Q6XPS3|TPTE2_HUMAN	49.881	421	192	8	139	552	111	519	1.51e-131	393
FUN_005961-T1	sp|P51813|BMX_HUMAN	29.870	308	158	7	236	508	391	675	4.31e-38	147
FUN_005988-T1	sp|O16025|AOSL_PLEHO	42.484	153	84	2	38	187	1	152	2.50e-30	116
FUN_005989-T1	sp|O16025|AOSL_PLEHO	48.353	759	371	6	5	746	312	1066	0.0	749
FUN_005989-T2	sp|O16025|AOSL_PLEHO	46.304	460	226	6	2	444	408	863	5.08e-143	436
FUN_005989-T3	sp|O16025|AOSL_PLEHO	48.889	675	324	6	27	684	396	1066	0.0	683
FUN_005999-T1	sp|Q38997|KIN10_ARATH	39.394	264	147	5	391	649	19	274	9.08e-51	185
FUN_006002-T1	sp|P0DX16|INLPA_STRC4	27.264	1049	668	24	25	1043	478	1461	5.15e-97	340
FUN_006007-T1	sp|Q38997|KIN10_ARATH	38.376	271	157	4	43	312	10	271	1.95e-55	187
FUN_006018-T1	sp|Q38997|KIN10_ARATH	26.937	271	189	6	3	271	16	279	4.29e-29	121
FUN_006021-T1	sp|P51813|BMX_HUMAN	33.219	292	165	8	319	608	410	673	1.02e-38	151
FUN_006031-T1	sp|P51813|BMX_HUMAN	33.036	224	122	6	18	239	472	669	7.23e-30	117
FUN_006107-T1	sp|P20153|USP_DROME	31.865	386	222	9	30	385	104	478	1.62e-48	171
FUN_006201-T1	sp|P33527|MRP1_HUMAN	37.956	137	83	1	20	154	1346	1482	4.95e-25	100
FUN_006223-T1	sp|A5A6P2|ASAH1_PANTR	52.044	367	171	2	25	386	29	395	2.56e-145	417
FUN_006228-T1	sp|Q9H720|PG2IP_HUMAN	45.691	731	356	7	79	805	6	699	0.0	630
FUN_006228-T2	sp|Q9H720|PG2IP_HUMAN	41.889	561	285	7	1	557	28	551	2.97e-137	414
FUN_006253-T1	sp|Q09711|NCS1_SCHPO	41.436	181	106	0	15	195	3	183	4.48e-52	165
FUN_006290-T1	sp|P51813|BMX_HUMAN	29.310	290	133	7	11	254	410	673	1.15e-22	97.4
FUN_006298-T1	sp|P51813|BMX_HUMAN	32.069	290	171	5	23	312	410	673	1.21e-40	150
FUN_006315-T1	sp|P51813|BMX_HUMAN	32.069	290	171	6	22	311	410	673	4.80e-42	154
FUN_006329-T1	sp|O17953|DLDH_CAEEL	71.069	477	135	3	32	508	20	493	0.0	691
FUN_006442-T1	sp|Q05609|CTR1_ARATH	30.682	264	170	4	191	446	550	808	3.18e-38	147
FUN_006536-T1	sp|P54646|AAPK2_HUMAN	30.435	207	131	5	251	456	22	216	8.97e-22	98.2
FUN_006578-T1	sp|P92958|KIN11_ARATH	31.776	321	186	12	22	333	16	312	5.52e-34	130
FUN_006580-T1	sp|P51813|BMX_HUMAN	30.882	340	174	8	1562	1896	384	667	8.41e-39	155
FUN_006581-T1	sp|P51813|BMX_HUMAN	31.861	317	162	8	381	697	407	669	6.03e-44	169
FUN_006602-T1	sp|A0A3L7I2I8|PLPL9_CRIGR	37.681	828	449	16	8	811	22	806	0.0	550
FUN_006704-T1	sp|P33527|MRP1_HUMAN	35.366	574	352	10	474	1034	956	1523	3.28e-95	338
FUN_006727-T1	sp|Q38997|KIN10_ARATH	30.034	293	159	10	4	289	19	272	3.06e-24	107
FUN_006729-T1	sp|O54909|RDH16_MOUSE	44.805	308	165	4	16	322	3	306	1.29e-83	256
FUN_006730-T1	sp|Q6DJH2|ADPPT_XENLA	52.119	236	108	4	6	240	11	242	4.39e-86	258
FUN_006778-T1	sp|P51813|BMX_HUMAN	31.250	320	164	5	829	1148	409	672	1.63e-41	162
FUN_006781-T1	sp|P51813|BMX_HUMAN	41.401	157	91	1	4	160	518	673	1.59e-37	135
FUN_006790-T1	sp|P51813|BMX_HUMAN	31.790	324	161	7	866	1189	410	673	5.13e-43	167
FUN_006797-T1	sp|Q9WTN3|SRBP1_MOUSE	40.086	928	457	25	342	1213	247	1131	1.50e-176	551
FUN_006821-T1	sp|P58021|TM9S2_MOUSE	35.000	480	298	6	106	583	195	662	8.26e-94	301
FUN_006845-T1	sp|P56434|FUT6_PANTR	29.965	287	165	15	106	378	59	323	9.87e-24	102
FUN_006864-T1	sp|Q63639|AL1A2_RAT	65.089	507	173	1	24	526	12	518	0.0	707
FUN_006864-T2	sp|Q63639|AL1A2_RAT	65.089	507	173	1	24	526	12	518	0.0	708
FUN_006869-T1	sp|P51813|BMX_HUMAN	27.089	395	239	14	32	395	290	666	2.32e-26	115
FUN_006869-T2	sp|P51813|BMX_HUMAN	27.089	395	239	14	239	602	290	666	2.42e-26	115
FUN_006872-T1	sp|Q29611|CLN3_CANLF	48.762	404	185	5	44	429	36	435	6.84e-121	358
FUN_006898-T1	sp|Q38997|KIN10_ARATH	51.163	258	122	2	10	265	15	270	1.60e-80	263
FUN_006927-T1	sp|Q9H2A2|AL8A1_HUMAN	37.113	485	293	7	44	524	10	486	4.27e-107	328
FUN_006927-T2	sp|Q9H2A2|AL8A1_HUMAN	36.930	417	253	6	1	413	76	486	2.58e-89	278
FUN_006940-T1	sp|Q13614|MTMR2_HUMAN	66.545	547	180	3	49	595	78	621	0.0	780
FUN_007004-T1	sp|Q5BIP7|LIAS_BOVIN	69.253	348	99	2	36	376	21	367	0.0	510
FUN_007030-T1	sp|Q6XZB0|LIPI_HUMAN	34.405	311	176	11	9	312	40	329	4.59e-49	169
FUN_007030-T2	sp|Q6XZB0|LIPI_HUMAN	34.405	311	176	11	54	357	40	329	1.67e-48	169
FUN_007035-T1	sp|Q6XZB0|LIPI_HUMAN	47.297	148	68	3	8	154	100	238	1.58e-36	130
FUN_007037-T1	sp|Q6XZB0|LIPI_HUMAN	36.482	307	167	11	54	350	40	328	1.26e-48	169
FUN_007037-T2	sp|Q6XZB0|LIPI_HUMAN	34.615	312	174	11	54	357	40	329	1.28e-48	169
FUN_007037-T3	sp|Q6XZB0|LIPI_HUMAN	39.535	215	112	8	54	266	40	238	2.14e-38	139
FUN_007037-T4	sp|Q6XZB0|LIPI_HUMAN	39.720	214	113	7	54	266	40	238	3.52e-38	139
FUN_007038-T1	sp|Q6XZB0|LIPI_HUMAN	31.781	365	217	12	67	415	41	389	1.21e-47	169
FUN_007043-T1	sp|Q8WWY8|LIPH_HUMAN	35.336	283	161	8	359	637	39	303	8.74e-45	166
FUN_007046-T1	sp|Q6XZB0|LIPI_HUMAN	36.111	288	160	10	38	320	40	308	9.18e-46	161
FUN_007047-T1	sp|Q6XZB0|LIPI_HUMAN	34.146	287	167	10	54	336	40	308	2.18e-44	158
FUN_007048-T1	sp|Q6XZB0|LIPI_HUMAN	35.690	297	166	9	16	302	47	328	6.27e-51	174
FUN_007049-T1	sp|Q6XZB0|LIPI_HUMAN	35.740	277	159	7	62	334	47	308	7.80e-49	170
FUN_007077-T1	sp|Q6T3U3|NPCL1_RAT	23.141	955	584	25	21	848	309	1240	1.71e-53	202
FUN_007079-T1	sp|Q6T3U3|NPCL1_RAT	23.166	954	584	25	24	850	309	1240	2.74e-52	198
FUN_007080-T1	sp|Q6T3U3|NPCL1_RAT	24.678	855	505	26	295	1024	466	1306	6.10e-51	195
FUN_007112-T1	sp|O88488|PTPRQ_RAT	28.427	496	315	21	19	493	569	1045	2.32e-30	125
FUN_007115-T1	sp|Q9UMZ3|PTPRQ_HUMAN	28.203	1085	658	38	143	1154	1281	2317	1.29e-76	281
FUN_007116-T1	sp|P06787|CALM_YEAST	44.444	144	79	1	54	197	5	147	4.72e-37	125
FUN_007161-T1	sp|Q64649|KPB1_RAT	46.942	1259	576	15	1	1190	1	1236	0.0	1085
FUN_007172-T1	sp|O16025|AOSL_PLEHO	44.403	1072	550	14	38	1071	3	1066	0.0	909
FUN_007183-T1	sp|O16025|AOSL_PLEHO	45.709	1072	551	12	1	1047	1	1066	0.0	944
FUN_007680-T1	sp|Q7JK26|B3GT1_PANTR	31.579	247	161	6	59	299	51	295	5.37e-32	121
FUN_007683-T1	sp|Q7JK26|B3GT1_PANTR	32.296	257	165	7	93	342	41	295	5.39e-33	125
FUN_007685-T1	sp|P97363|SPTC2_MOUSE	56.180	178	77	1	46	222	109	286	1.65e-63	206
FUN_007686-T1	sp|Q3B7D2|SPTC2_RAT	52.273	220	57	3	1	173	318	536	8.65e-69	218
FUN_007704-T1	sp|P97363|SPTC2_MOUSE	62.275	334	125	1	11	344	209	541	2.30e-155	447
FUN_007705-T1	sp|P97363|SPTC2_MOUSE	55.738	488	213	3	38	523	53	539	0.0	569
FUN_007707-T1	sp|Q3B7D2|SPTC2_RAT	62.332	223	83	1	311	533	318	539	3.99e-95	300
FUN_007749-T1	sp|Q99J47|DRS7B_MOUSE	37.559	213	127	2	921	1133	44	250	5.29e-38	145
FUN_007784-T1	sp|Q940H6|SRK2E_ARATH	33.659	205	124	6	16	215	21	218	1.07e-25	103
FUN_007813-T1	sp|Q9Y6A2|CP46A_HUMAN	39.050	484	281	7	26	504	16	490	2.70e-109	333
FUN_007813-T2	sp|Q9Y6A2|CP46A_HUMAN	36.917	493	280	9	26	505	16	490	7.04e-109	332
FUN_007813-T3	sp|Q9Y6A2|CP46A_HUMAN	39.050	484	281	7	26	504	16	490	3.11e-109	333
FUN_007816-T1	sp|Q9Y6A2|CP46A_HUMAN	35.464	485	300	6	23	504	16	490	8.55e-101	312
FUN_007818-T1	sp|P20153|USP_DROME	52.113	71	34	0	27	97	104	174	8.31e-22	98.2
FUN_007823-T1	sp|Q05609|CTR1_ARATH	36.201	279	164	5	105	379	544	812	1.46e-45	176
FUN_007846-T1	sp|Q9Z0Y9|NR1H3_MOUSE	28.866	388	231	10	2	382	75	424	1.67e-38	143
FUN_007852-T1	sp|Q68FF9|S5A1_MOUSE	54.023	261	110	3	11	268	2	255	6.32e-93	274
FUN_007852-T2	sp|Q68FF9|S5A1_MOUSE	48.691	191	88	3	11	198	2	185	5.36e-55	175
FUN_007870-T1	sp|A0A2U1KZS6|NCPR2_ARTAN	35.311	354	194	12	370	717	312	636	3.03e-52	193
FUN_007871-T1	sp|Q13613|MTMR1_HUMAN	31.391	532	313	18	166	687	113	602	1.98e-71	249
FUN_007908-T1	sp|Q8BMP6|GCP60_MOUSE	43.137	102	57	1	45	145	76	177	8.61e-25	101
FUN_007926-T1	sp|Q8K2C9|HACD3_MOUSE	37.568	370	218	6	4	373	5	361	6.59e-80	248
FUN_007945-T1	sp|Q05609|CTR1_ARATH	30.292	274	171	8	18	289	551	806	2.81e-28	119
FUN_007946-T1	sp|Q05609|CTR1_ARATH	29.603	277	169	9	18	289	551	806	3.20e-26	112
FUN_007955-T1	sp|O95342|ABCBB_HUMAN	36.481	540	320	8	154	685	136	660	3.97e-95	320
FUN_007957-T1	sp|Q04998|INHBA_MOUSE	30.047	213	130	4	173	377	222	423	3.02e-27	111
FUN_007961-T1	sp|Q38997|KIN10_ARATH	31.365	271	165	7	13	279	18	271	1.96e-37	140
FUN_007983-T1	sp|Q9VQ62|NPC2_DROME	38.060	134	80	2	21	151	14	147	1.42e-29	104
FUN_007984-T1	sp|Q9VQ62|NPC2_DROME	38.060	134	81	1	21	152	14	147	6.31e-33	113
FUN_007988-T1	sp|Q9VQ62|NPC2_DROME	36.424	151	90	2	4	152	1	147	1.26e-33	115
FUN_007988-T2	sp|Q9VQ62|NPC2_DROME	36.434	129	76	2	4	130	1	125	3.90e-24	90.5
FUN_007989-T1	sp|Q9VQ62|NPC2_DROME	37.748	151	88	2	5	153	1	147	1.87e-32	112
FUN_007994-T1	sp|P51813|BMX_HUMAN	34.848	264	161	4	338	601	410	662	9.95e-47	174
FUN_007994-T2	sp|P51813|BMX_HUMAN	34.848	264	161	4	375	638	410	662	1.55e-46	174
FUN_007995-T1	sp|P51813|BMX_HUMAN	29.520	271	180	4	779	1049	411	670	7.15e-39	154
FUN_008006-T1	sp|Q9M0X9|4CLL7_ARATH	43.920	551	279	11	552	1083	2	541	9.87e-138	427
FUN_008015-T1	sp|Q9M0X9|4CLL7_ARATH	34.758	538	328	9	4	526	13	542	1.47e-110	341
FUN_008020-T1	sp|P92958|KIN11_ARATH	43.787	338	178	4	32	362	6	338	4.10e-89	290
FUN_008020-T2	sp|P92958|KIN11_ARATH	43.787	338	178	4	48	378	6	338	1.88e-89	291
FUN_008056-T1	sp|P28288|ABCD3_HUMAN	31.013	632	376	16	5	598	41	650	3.06e-83	273
FUN_008056-T2	sp|P28288|ABCD3_HUMAN	32.510	526	309	12	43	540	143	650	1.96e-78	259
FUN_008075-T1	sp|Q7G192|ALDO2_ARATH	33.478	1383	793	36	9	1335	3	1314	0.0	664
FUN_008075-T2	sp|Q7G192|ALDO2_ARATH	33.478	1383	793	36	9	1335	3	1314	0.0	664
FUN_008081-T1	sp|O54909|RDH16_MOUSE	39.365	315	184	5	15	323	3	316	1.53e-75	234
FUN_008085-T1	sp|Q5U2V5|CRLS1_RAT	51.269	197	96	0	100	296	104	300	7.65e-68	213
FUN_008099-T1	sp|O94806|KPCD3_HUMAN	57.403	824	320	13	14	827	64	866	0.0	942
FUN_008110-T1	sp|Q8IZF2|AGRF5_HUMAN	25.000	464	295	17	802	1242	867	1300	2.54e-26	117
FUN_008121-T1	sp|P78368|KC1G2_HUMAN	28.107	338	224	8	10	333	41	373	5.23e-37	144
FUN_008122-T1	sp|P33527|MRP1_HUMAN	33.844	1631	885	29	19	1583	22	1524	0.0	855
FUN_008183-T1	sp|Q9M9F5|NCED9_ARATH	26.033	484	297	20	43	504	201	645	8.35e-25	107
FUN_008187-T1	sp|Q38997|KIN10_ARATH	32.781	302	180	7	414	708	25	310	9.94e-38	147
FUN_008188-T1	sp|Q99NB1|ACS2L_MOUSE	61.465	628	240	2	46	673	54	679	0.0	809
FUN_008188-T2	sp|Q99NB1|ACS2L_MOUSE	62.500	496	184	2	26	521	186	679	0.0	650
FUN_008190-T1	sp|Q6ZNE5|BAKOR_HUMAN	33.763	465	268	12	23	469	43	485	9.65e-75	243
FUN_008194-T1	sp|Q8T4E1|GPI8_DROME	28.767	292	186	9	1	274	4	291	1.56e-32	123
FUN_008225-T1	sp|Q8AXN9|RPE65_CYNPY	48.780	123	62	1	33	155	15	136	2.47e-33	122
FUN_008226-T1	sp|Q9XT71|RPE65_CHLAE	33.702	362	210	11	7	340	172	531	2.73e-61	204
FUN_008227-T1	sp|Q91ZQ5|RPE65_MOUSE	36.882	526	296	16	45	542	15	532	4.01e-103	320
FUN_008237-T1	sp|Q06862|ACCC_NOSS1	49.438	445	216	4	51	493	5	442	9.23e-139	428
FUN_008243-T1	sp|P33527|MRP1_HUMAN	38.150	519	309	6	8	518	1009	1523	7.27e-117	377
FUN_008243-T2	sp|P33527|MRP1_HUMAN	34.906	742	414	16	1	682	791	1523	2.21e-134	431
FUN_008261-T1	sp|O54909|RDH16_MOUSE	41.639	305	175	3	16	319	1	303	4.10e-73	228
FUN_008263-T1	sp|Q6UWP7|LCLT1_HUMAN	47.941	340	173	3	8	343	44	383	8.85e-116	342
FUN_008309-T1	sp|A7S4N4|SERIC_NEMVE	28.169	426	261	9	63	452	38	454	6.34e-48	174
FUN_008370-T1	sp|Q16635|TAZ_HUMAN	47.234	235	102	5	266	480	24	256	7.48e-67	215
FUN_008388-T1	sp|Q9Z1N4|BPNT1_RAT	51.803	305	142	4	19	323	8	307	1.65e-110	323
FUN_008406-T1	sp|O54694|SPTC2_CRIGR	67.692	260	84	0	1	260	283	542	5.92e-133	386
FUN_008407-T1	sp|P97363|SPTC2_MOUSE	51.527	262	88	2	70	330	58	281	4.15e-89	277
FUN_008408-T1	sp|P97363|SPTC2_MOUSE	68.789	487	150	2	76	560	53	539	0.0	717
FUN_008427-T1	sp|O45924|ODBA_CAEEL	61.290	372	142	2	5	375	52	422	1.07e-174	493
FUN_008427-T2	sp|O45924|ODBA_CAEEL	63.095	336	122	2	1	335	88	422	2.81e-162	459
FUN_008450-T1	sp|P51813|BMX_HUMAN	36.803	269	147	6	1511	1776	411	659	1.56e-44	173
FUN_008489-T1	sp|O77475|CPESY_DROME	27.046	281	195	4	52	330	111	383	1.30e-32	124
FUN_008512-T1	sp|P92958|KIN11_ARATH	33.071	254	156	7	3	254	15	256	3.91e-33	129
FUN_008519-T1	sp|Q8BLX4|FUCT1_MOUSE	63.804	326	115	1	6	331	34	356	3.65e-146	416
FUN_008524-T1	sp|Q8R4H9|ZNT5_MOUSE	28.232	379	202	12	1	373	409	723	1.01e-33	133
FUN_008544-T1	sp|O17953|DLDH_CAEEL	28.980	490	311	16	108	587	31	493	4.42e-45	166
FUN_008548-T1	sp|Q925J9|MED1_MOUSE	32.903	465	283	12	5	456	73	521	1.70e-67	244
FUN_008548-T2	sp|Q925J9|MED1_MOUSE	29.620	368	233	10	15	372	170	521	6.55e-41	161
FUN_008551-T1	sp|Q8NCE2|MTMRE_HUMAN	47.351	604	246	15	19	573	36	616	1.15e-170	499
FUN_008588-T1	sp|P28329|CLAT_HUMAN	30.808	594	359	16	60	633	128	689	2.03e-78	265
FUN_008615-T1	sp|Q8IZF2|AGRF5_HUMAN	25.140	358	241	12	2356	2693	938	1288	4.02e-28	124
FUN_008617-T1	sp|Q9NP80|PLPL8_HUMAN	48.284	408	208	3	44	450	357	762	2.20e-139	418
FUN_008661-T1	sp|P51647|AL1A1_RAT	38.703	478	277	9	15	483	24	494	3.98e-98	304
FUN_008702-T1	sp|Q99685|MGLL_HUMAN	45.520	279	149	3	14	291	24	300	1.79e-82	250
FUN_008707-T1	sp|O95180|CAC1H_HUMAN	32.833	600	327	15	610	1177	1273	1828	4.92e-80	293
FUN_008713-T1	sp|Q38997|KIN10_ARATH	39.809	314	175	5	5	313	7	311	6.81e-68	220
FUN_008713-T2	sp|Q38997|KIN10_ARATH	39.809	314	175	5	32	340	7	311	3.92e-67	219
FUN_008752-T1	sp|P26396|RFBF_SALTY	30.952	252	145	8	1	230	1	245	3.20e-29	113
FUN_008758-T1	sp|P51813|BMX_HUMAN	35.178	253	140	7	398	650	406	634	3.12e-39	153
FUN_008758-T2	sp|P51813|BMX_HUMAN	36.207	290	161	7	398	687	406	671	4.33e-51	188
FUN_008795-T1	sp|Q86YJ6|THNS2_HUMAN	29.490	451	290	11	167	611	1	429	5.44e-54	192
FUN_008937-T1	sp|Q4WF54|SIDH_ASPFU	29.555	247	166	3	38	282	21	261	8.27e-31	115
FUN_008945-T1	sp|Q8R3I2|MBOA2_MOUSE	37.975	395	226	7	5	389	123	508	9.38e-89	277
FUN_008945-T2	sp|Q8R3I2|MBOA2_MOUSE	35.075	268	163	5	14	279	250	508	9.24e-52	176
FUN_008945-T3	sp|Q3T1J2|MBOA2_RAT	39.899	396	223	6	4	390	64	453	7.45e-96	297
FUN_008946-T1	sp|Q5ZKL6|MBOA2_CHICK	37.924	501	286	5	7	483	10	509	4.19e-116	352
FUN_008953-T2	sp|P97570|PLPL9_RAT	33.871	248	156	6	269	512	149	392	3.28e-29	126
FUN_008954-T1	sp|Q9YH18|QKI_CHICK	34.807	181	105	4	113	288	37	209	7.81e-25	105
FUN_008993-T1	sp|A7S4N4|SERIC_NEMVE	52.119	472	199	8	1	462	1	455	3.73e-169	483
FUN_008994-T1	sp|Q9VPD3|PTSS_DROME	51.179	424	195	4	8	430	65	477	8.36e-156	453
FUN_009006-T1	sp|Q09137|AAPK2_RAT	34.815	270	162	6	916	1179	16	277	3.26e-44	169
FUN_009006-T2	sp|Q09137|AAPK2_RAT	34.815	270	162	6	738	1001	16	277	3.13e-44	169
