Dnmt1-201	mRNA::ptg000047l:7043865-7069644	83.544	79	13	0	1460	1538	22967	23203	1.51e-35	151
Dnmt3a-201	mRNA::ptg000016l:3572833-3602528	60.294	68	26	1	721	788	21872	22072	2.54e-13	77.0
Dnmt3b-201	mRNA::ptg000016l:3572833-3602528	77.273	44	10	0	817	860	29558	29689	3.88e-15	83.2
Dnmt3l-201	mRNA::ptg000035l:5201084-5245691	80.328	61	12	0	2124	2184	33195	33377	1.90e-22	109
USP9Y-201	mRNA::ptg000035l:5201084-5245691	80.328	61	12	0	1674	1734	33195	33377	1.36e-22	109
USP10-201	mRNA::ptg000025l:143698-155448	52.308	65	30	1	734	798	198	7	4.64e-11	69.3
USP11-201	mRNA::ptg000001l:4140337-4173729	70.000	130	39	0	306	435	20300	19911	2.92e-47	187
USP12-201	mRNA::ptg000018l:3278210-3285212	61.069	131	22	1	13	114	74	466	1.26e-42	161
USP14-201	mRNA::ptg000009l:1054171-1073449	69.643	56	15	1	1	54	92	259	1.86e-14	79.0
USP15-201	mRNA::ptg000001l:4140337-4173729	67.974	153	49	0	286	438	20300	19842	4.01e-59	224
USP16-204	mRNA::ptg000008l:914143-926903	72.549	51	14	0	676	726	667	515	1.52e-14	80.9
USP19-205	mRNA::ptg000001l:4140337-4173729	53.383	133	62	0	594	726	20303	19905	7.83e-36	152
USP20-203	mRNA::ptg000001l:4140337-4173729	37.778	135	71	4	143	269	20297	19908	2.21e-16	87.4
USP21-203	mRNA::ptg000001l:4140337-4173729	35.862	145	84	4	183	323	20369	19950	1.60e-18	92.8
USP22-201	mRNA::ptg000027l:1704205-1714417	80.000	55	11	0	231	285	2839	3003	2.72e-20	97.8
USP6-205	mRNA::ptg000001l:4140337-4173729	65.116	129	45	0	530	658	20297	19911	2.36e-46	186
USP7-201	mRNA::ptg000024l:10891149-10969335	55.385	130	57	1	845	973	72468	72857	2.35e-34	146
USP8-201	mRNA::ptg000001l:4140337-4173729	51.639	122	58	1	774	895	20300	19938	3.36e-31	136
USP13-201	mRNA::ptg000008l:21800270-21820751	59.091	44	18	0	421	464	11626	11757	1.78e-10	67.8
USP1-201	mRNA::ptg000027l:7023909-7028459	49.573	117	55	2	426	540	2862	3206	2.02e-26	119
USP2-201	mRNA::ptg000001l:4140337-4173729	41.935	155	86	3	256	407	20327	19866	1.57e-26	118
USP3-202	mRNA::ntLink_8:31209858-31220645	50.000	88	20	2	253	338	6501	6698	1.05e-15	83.2
USP4-201	mRNA::ptg000001l:4140337-4173729	76.860	121	28	0	310	430	20267	19905	5.05e-51	199
USP5-201	mRNA::ptg000008l:21800270-21820751	73.810	42	11	0	409	450	11626	11751	3.87e-13	76.6
USP30-201	mRNA::ptg000009l:1649347-1655088	44.444	72	34	1	430	501	246	49	9.02e-10	63.9
USP31-201	mRNA::ptg000027l:1953408-1962906	52.899	138	63	1	275	412	4914	4507	8.28e-37	155
USP32-201	mRNA::ptg000001l:4140337-4173729	64.341	129	46	0	732	860	20297	19911	5.11e-46	186
USP33-204	mRNA::ptg000001l:4140337-4173729	42.727	110	52	3	152	253	20297	19977	2.96e-15	83.6
USP34-201	mRNA::ptg000011l:662573-673475	43.256	215	64	5	2062	2220	2050	2688	6.91e-37	157
USP35-203	mRNA::ptg000001l:12414833-12424059	26.899	316	223	3	1	313	1	933	9.45e-32	137
USP36-201	mRNA::ptg000024l:3690682-3706210	47.328	131	53	4	40	164	112	474	8.03e-25	115
USP37-201	mRNA::ptg000027l:1964091-1965212	30.233	129	77	4	340	457	459	79	2.74e-07	56.2
USP38-201	mRNA::ptg000001l:12414833-12424059	32.407	540	249	13	494	993	7312	8703	1.16e-61	233
USP39-201	mRNA::ptg000026l:5675081-5690854	75.000	44	7	1	103	146	13729	13610	3.35e-12	72.4
USP40-208	mRNA::ptg000020l:4345920-4375661	50.725	69	29	2	13	78	29741	29541	7.10e-09	63.2
USP42-201	mRNA::ptg000024l:3690682-3706210	61.667	60	23	0	89	148	280	459	6.75e-17	89.7
USP43-201	mRNA::ptg000027l:1953408-1962906	44.022	184	89	2	234	417	4917	4408	1.05e-33	144
USP44-201	mRNA::ptg000027l:7023909-7028459	28.571	231	126	8	414	628	2736	3359	5.80e-10	65.5
USP45-208	mRNA::ptg000008l:914143-926903	52.941	85	35	2	654	736	700	455	2.26e-14	80.5
USP27X-201	mRNA::ptg000027l:1704205-1714417	55.294	85	33	3	49	133	2051	2290	1.95e-18	90.9
USP28-201	mRNA::ptg000035l:5314716-5331604	33.449	287	159	8	581	852	12669	13478	8.94e-26	118
USP24-201	mRNA::ntLink_8:23309399-23348186	60.638	94	37	0	2480	2573	387	106	1.07e-27	126
USP25-204	mRNA::ptg000035l:5314716-5331604	47.101	138	53	3	567	704	12639	12992	2.69e-31	136
USP46-201	mRNA::ptg000018l:3278210-3285212	59.091	132	25	1	9	111	74	469	1.30e-41	158
USP47-207	mRNA::ptg000001l:12414833-12424059	30.097	206	121	5	322	505	7891	8505	3.76e-15	84.0
USP48-201	mRNA::ptg000019l:2614739-2634369	64.583	48	17	0	256	303	12211	12068	1.98e-10	67.8
USP49-206	mRNA::ptg000027l:7023909-7028459	32.370	173	90	7	390	556	2736	3191	3.77e-10	65.9
USP51-201	mRNA::ptg000027l:1704205-1714417	69.643	56	16	1	361	416	2120	2284	3.22e-15	82.8
USP50-203	mRNA::ptg000001l:4140337-4173729	41.964	112	60	1	42	148	20297	19962	4.67e-19	90.9
PAN2-201	mRNA::ptg000017l:790378-809674	56.701	97	26	1	1014	1094	17986	18276	2.64e-21	103
USP53-201	mRNA::ptg000023l:31090755-31105706	61.667	60	23	0	48	107	13072	12893	2.97e-15	84.0
USP54-201	mRNA::ptg000023l:31090755-31105706	63.934	61	22	0	48	108	13075	12893	8.87e-17	89.7
ZRANB1-201	mRNA::ptg000017l:3034503-3042026	34.442	421	211	11	3	385	7511	6330	5.35e-67	243
VCPIP1-201	mRNA::ptg000026l:8759761-8773587	60.358	391	152	2	139	527	1	1170	1.21e-152	511
OTUD4-201	mRNA::ptg000004l:13847968-13854674	30.909	110	74	2	25	132	5659	5330	5.88e-08	59.7
OTUD1-201	mRNA::ptg000018l:4615152-4734242	28.571	119	79	4	317	432	40772	41119	1.41e-08	60.1
OTUD5-202	mRNA::ptg000022l:4575338-4586595	63.492	63	23	0	247	309	7141	6953	1.06e-18	93.2
OTUD3-201	mRNA::ptg000019l:5477944-5483338	48.515	101	44	2	103	200	3358	3645	5.11e-20	94.7
ALG13-203	mRNA::ntLink_6:135961-138788	55.556	72	32	0	70	141	1908	2123	1.55e-13	77.8
JOSD1-210	mRNA::ptg000027l:9519580-9523458	61.250	80	30	1	25	104	4	240	1.87e-26	108
JOSD2-204	mRNA::ptg000027l:9519580-9523458	56.410	78	33	1	14	90	7	240	3.12e-22	95.5
BAP1-202	mRNA::ntLink_8:6513841-6529563	77.551	49	11	0	146	194	4321	4467	5.11e-23	84.0
UCHL1-201	mRNA::ptg000018l:3518200-3522914	71.795	39	11	0	70	108	1576	1692	5.84e-11	63.9
UCHL3-201	mRNA::ptg000018l:3518200-3522914	60.465	43	17	0	19	61	1139	1267	7.94e-12	66.6
UCHL5-205	mRNA::ptg000047l:2565864-2573515	69.565	46	14	0	83	128	4470	4333	1.24e-17	69.3
Uchl4-201	mRNA::ptg000018l:3518200-3522914	58.140	43	18	0	19	61	1139	1267	8.15e-11	63.5
OTUD7A-201	mRNA::ntLink_8:28720685-28724669	45.402	348	127	8	171	457	1977	940	2.86e-73	266
OTUD7B-202	mRNA::ntLink_8:28720685-28724669	45.251	358	127	8	140	436	2004	955	3.47e-73	263
PSMD14-201	mRNA::ptg000023l:33856149-33864801	100.000	36	0	0	45	80	28	135	4.86e-15	78.2
COPS5-201	mRNA::ptg000009l:9990835-10005903	89.130	46	5	0	126	171	4121	4258	3.54e-21	97.1
COPS6-201	mRNA::ptg000035l:8873910-8878029	40.000	75	36	2	40	113	384	584	1.75e-07	55.1
STAMBPL1-203	mRNA::ptg000026l:2407916-2420635	76.316	38	9	0	348	385	11497	11610	3.08e-12	71.6
BRCC3-201	mRNA::ptg000035l:8743845-8748052	59.184	49	13	2	105	151	3403	3272	8.63e-19	57.8
MYSM1-202	mRNA::ptg000011l:5026974-5040140	40.580	69	38	1	639	704	10268	10474	6.66e-08	59.3
MPND-207	mRNA::ptg000011l:5026974-5040140	65.000	60	21	0	99	158	751	930	1.22e-17	89.4
PSMD7-201	mRNA::ptg000012l:242012-247479	72.477	109	30	0	177	285	450	124	1.12e-46	171
PRPF8-201	mRNA::ptg000009l:3713519-3737864	92.623	122	9	0	1100	1221	11873	11508	3.14e-65	250
EIF3H-209	mRNA::ptg000007l:2176473-2183037	66.667	75	12	1	78	152	3940	3755	2.05e-22	101
EIF3F-209	mRNA::ptg000021l:16761073-16767055	62.712	59	22	0	89	147	5940	5764	2.14e-16	83.2
ZC3H12B-201	mRNA::ntLink_6:12586278-12604578	47.525	303	137	6	103	386	8852	7953	2.16e-77	277
ZC3H12C-201	mRNA::ntLink_6:12586278-12604578	48.630	292	130	5	167	441	8819	7953	5.88e-77	277
ZC3H12D-201	mRNA::ptg000023l:36295204-36298862	59.113	203	80	2	101	303	684	85	5.21e-73	254
ZC3H12A-201	mRNA::ntLink_6:12586278-12604578	48.136	295	131	5	53	331	8819	7953	9.28e-76	265
H1-0-201	mRNA::ptg000027l:10716630-10717227	64.935	77	27	0	24	100	67	297	8.07e-27	103
H1-1-201	mRNA::ptg000027l:10716630-10717227	45.070	71	37	2	45	114	85	294	6.14e-06	47.4
H1-3-201	mRNA::ptg000025l:15569136-15570871	41.429	70	40	1	39	108	537	331	5.93e-07	51.6
H1-4-201	mRNA::ptg000025l:15569136-15570871	41.429	70	40	1	38	107	537	331	4.23e-07	52.0
H1-5-201	mRNA::ptg000025l:15569136-15570871	42.857	70	39	1	41	110	537	331	1.10e-07	53.9
H1-10-201	mRNA::ptg000027l:10716630-10717227	42.667	75	36	2	47	118	76	288	2.59e-06	48.5
H1-2-201	mRNA::ntLink_4:1155-1537	71.287	101	29	0	264	364	59	361	1.46e-41	148
H2AW-201	mRNA::ntLink_4:204726-205104	92.000	100	8	0	23	122	64	363	4.11e-63	190
H2AB3-201	mRNA::ntLink_4:1155-1537	47.253	91	48	0	19	109	44	316	3.25e-23	89.0
MACROH2A1-201	mRNA::ntLink_4:204726-205104	72.449	98	27	0	20	117	64	357	4.80e-42	145
H2AB2-201	mRNA::ntLink_4:1155-1537	47.253	91	48	0	19	109	44	316	3.25e-23	89.0
H2AZ2-202	mRNA::ptg000001l:12392425-12393044	63.636	110	38	2	19	127	263	589	6.57e-40	134
H2AZ1-201	mRNA::ptg000001l:12392425-12393044	63.636	110	38	2	19	127	263	589	6.36e-40	134
H2AJ-201	mRNA::ntLink_4:204726-205104	86.508	126	14	2	1	125	1	372	1.21e-72	214
H2AB1-201	mRNA::ntLink_4:204726-205104	46.154	91	49	0	19	109	40	312	4.64e-22	85.9
H2AX-201	mRNA::ntLink_4:1155-1537	92.929	99	7	0	23	121	68	364	5.44e-58	193
Hdac2-201	mRNA::ptg000009l:595222-601967	82.051	39	7	0	56	94	438	554	7.88e-25	73.9
Hdac3-201	mRNA::ptg000009l:595222-601967	84.000	50	7	1	157	206	1859	2005	1.61e-17	87.8
Hdac4-201	mRNA::ptg000020l:5625791-5656565	74.468	47	12	0	650	696	8408	8268	1.43e-15	85.1
Hdac5-201	mRNA::ptg000020l:5625791-5656565	65.455	55	19	0	939	993	4016	3852	3.46e-14	80.5
Hdac6-201	mRNA::ntLink_8:6510014-6512851	56.716	67	29	0	1056	1122	1596	1796	1.78e-14	80.9
Hdac7-204	mRNA::ptg000020l:5625791-5656565	69.091	55	17	0	767	821	4016	3852	2.26e-15	84.0
Hdac8-201	mRNA::ptg000008l:12291957-12298004	76.923	39	9	0	146	184	3240	3124	9.75e-13	72.4
Hdac9-204	mRNA::ptg000020l:5625791-5656565	65.455	55	19	0	879	933	4016	3852	6.77e-16	85.9
Hdac11-201	mRNA::ptg000001l:21022252-21035040	60.870	46	18	0	5	50	1725	1862	1.76e-10	65.1
Sirt1-201	mRNA::ntLink_6:11288751-11298431	69.355	62	19	0	245	306	4293	4478	1.37e-19	97.1
Sirt2-201	mRNA::ptg000024l:2261433-2265853	61.538	78	30	0	97	174	3704	3471	1.39e-24	108
Sirt3-210	mRNA::ptg000024l:2261433-2265853	67.073	82	27	0	16	97	3704	3459	2.06e-23	102
Sirt4-201	mRNA::ptg000009l:7689899-7692193	59.859	142	54	1	28	166	67	492	4.71e-52	185
Sirt5-207	mRNA::ptg000025l:10966730-10972647	61.111	126	49	0	37	162	5890	5513	1.34e-47	174
Sirt6-201	mRNA::ptg000025l:352400-353817	40.625	192	105	2	88	276	491	1048	4.59e-41	144
Sirt7-201	mRNA::ntLink_6:5251118-5264372	38.158	228	93	3	683	862	8095	7412	2.82e-36	153
Ogt-201	mRNA::ptg000018l:8443198-8458101	76.923	169	39	0	819	987	13628	14134	1.52e-77	290
Parp2-201	mRNA::ptg000025l:16500022-16512101	61.538	91	29	2	159	244	5131	5400	4.98e-24	109
Parp3-202	mRNA::ptg000002l:8099640-8126780	60.870	46	18	0	358	403	4736	4599	3.23e-08	59.3
Parp4-201	mRNA::ptg000002l:7621689-7625076	30.637	408	256	10	606	991	22	1230	5.45e-42	171
Parp5a-Tnks-201	mRNA::ptg000026l:8056001-8058659	30.063	795	461	15	176	936	2607	406	9.40e-69	252
Parp5b-Tnks2-201	mRNA::ptg000026l:8056001-8058659	28.609	769	463	15	27	782	2601	514	2.07e-59	223
Parp7-Tiparp-201	mRNA::ptg000031l:3196931-3247512	52.174	161	74	1	492	652	43488	43015	4.59e-43	170
Parp9-203	mRNA::ptg000025l:6644765-6655709	37.374	198	116	3	83	273	4049	3459	4.18e-27	121
Parp10-201	mRNA::ptg000031l:3266482-3324334	40.288	139	77	3	816	951	31596	32003	6.98e-20	99.0
Parp11-201	mRNA::ptg000031l:3196931-3247512	44.099	161	67	4	174	330	32320	31895	1.02e-36	142
Parp12-201	mRNA::ptg000031l:3196931-3247512	44.172	163	77	3	533	692	32335	31880	2.65e-37	153
Parp13-Zc3hav1-203	mRNA::ptg000031l:3266482-3324334	43.972	141	65	3	863	989	31599	32021	1.22e-28	127
Parp14-201	mRNA::ptg000025l:6751247-6762388	26.095	525	344	14	1119	1613	3007	1475	3.10e-43	177
PARP15-202	mRNA::ptg000025l:6751247-6762388	60.000	95	38	0	582	676	291	7	9.26e-31	132
Parp16-201	mRNA::ntLink_8:27915110-27920614	62.162	111	41	1	167	276	1526	1194	1.39e-40	153
Parg-201	mRNA::ptg000026l:5031078-5058062	74.286	35	9	0	622	656	12390	12286	4.50e-08	60.1
Arh1-Adprh-201	mRNA::ptg000027l:2242826-2247177	55.556	207	85	2	150	355	3740	4342	7.30e-65	225
Arh3-Adprs-201	mRNA::ntLink_6:19607616-19619698	42.105	152	80	2	28	178	564	998	2.66e-29	122
Kat1-Hat1-201	mRNA::ptg000016l:9468851-9477453	60.526	38	15	0	324	361	1060	947	3.48e-06	52.0
Kat2a-202	mRNA::ptg000016l:5446970-5468205	69.421	121	36	1	109	228	18962	18600	1.01e-46	184
Kat2b-201	mRNA::ptg000016l:5446970-5468205	67.213	122	39	1	84	205	18962	18600	2.01e-44	176
Kat3A-Crebbp-201	mRNA::ptg000018l:481281-505025	81.395	86	16	0	1382	1467	18673	18930	3.71e-39	164
Kat3B-Ep300-201	mRNA::ptg000018l:481281-505025	61.832	131	46	1	1683	1809	21498	21890	2.62e-38	161
Kat4-Taf1-206	mRNA::ptg000001l:8691319-8726484	81.481	54	10	0	828	881	19138	18977	7.16e-19	97.1
Kat5-201	mRNA::ptg000002l:9889398-9894532	64.773	88	25	1	198	279	3080	2817	4.74e-30	127
Kat6a-201	mRNA::ntLink_6:9084454-9095030	56.198	121	13	1	558	638	4536	4174	3.27e-30	134
Kat6b-214	mRNA::ntLink_6:9084454-9095030	56.198	121	13	1	770	850	4536	4174	1.14e-31	139
Kat7-205	mRNA::ntLink_6:9084454-9095030	52.586	116	15	1	387	462	4536	4189	1.30e-26	118
Kat8-201	mRNA::ptg000007l:2703000-2710932	75.714	70	17	0	386	455	219	10	1.69e-25	112
Kat9-Elp3-201	mRNA::ptg000009l:577309-584457	56.701	97	10	1	322	386	3669	3959	1.21e-38	106
Kat12-Gtf3c4-201	mRNA::ptg000022l:7968414-7970942	24.176	546	323	20	53	555	228	1721	2.94e-17	89.0
Kat13A-Ncoa1-201	mRNA::ptg000024l:7529983-7532234	27.273	154	99	4	29	181	2064	1639	5.28e-06	53.5
Kat13D-Clock-201	mRNA::ptg000024l:915083-918049	36.148	379	212	8	19	389	1632	562	2.01e-61	227
Kat14-201	mRNA::ntLink_8:23892124-23932971	77.451	102	23	0	678	779	40539	40844	5.25e-46	181
NAA10-208	mRNA::ptg000002l:14639488-14644066	91.667	36	3	0	7	42	279	386	5.68e-17	82.0
NAA50-201	mRNA::ptg000035l:1840503-1844881	81.818	44	8	0	112	155	4223	4354	1.31e-16	78.6
NAA60-202	mRNA::ptg000027l:6834205-6838134	63.291	79	29	0	113	191	270	34	6.47e-27	110
BRD4-201	mRNA::ptg000047l:734342-749928	63.265	49	18	0	96	144	889	1035	3.38e-25	73.9
ESCO2-201	mRNA::ptg000007l:1217807-1223798	45.455	44	24	0	378	421	2507	2638	3.20e-07	56.2
ESCO1-201	mRNA::ptg000007l:1217807-1223798	63.158	38	14	0	794	831	5872	5985	1.37e-07	58.2
DLAT-201	mRNA::ptg000009l:8493806-8497571	56.731	104	40	2	544	647	3466	3762	4.18e-29	126
ATF2-201	mRNA::ptg000016l:2051614-2067014	72.727	33	9	0	363	395	9086	9184	1.28e-07	57.0
MCM3AP-201	mRNA::ptg000008l:24579674-24581913	32.853	347	212	7	635	968	16	1032	3.24e-43	173
NAT8-201	mRNA::ptg000023l:33323418-33324165	32.258	124	79	1	82	200	301	672	6.48e-13	68.2
NAT8B-201	mRNA::ptg000023l:33323418-33324165	30.201	149	97	2	59	200	226	672	1.19e-11	64.3
NAT8L-201	mRNA::ptg000023l:33323418-33324165	39.130	115	61	2	160	265	310	654	2.03e-10	62.0
BLOC1S1-203	mRNA::ptg000016l:11672538-11677451	56.410	39	17	0	112	150	363	247	2.73e-07	51.2
NAT10-201	mRNA::ptg000024l:7832815-7853028	47.761	201	48	2	578	721	14236	14838	1.22e-36	153
ACAT1-201	mRNA::ptg000026l:3391264-3396308	47.253	91	45	2	338	425	285	13	2.85e-16	84.0
ACAT2-201	mRNA::ntLink_6:10584107-10591527	56.216	185	79	1	490	674	2702	3250	2.47e-64	236
Hspbap1-202	mRNA::ntLink_8:23538143-23539315	30.201	149	77	4	155	278	513	73	3.38e-11	67.0
Kdm1a-202	mRNA::ptg000008l:8192109-8208063	46.222	225	53	4	599	763	1339	689	1.04e-48	191
Kdm1b-201	mRNA::ptg000023l:10153225-10154635	25.408	429	274	13	416	824	169	1377	1.67e-31	131
Kdm2a-201	mRNA::ptg000009l:6724686-6743902	40.996	261	145	4	885	1142	816	52	4.02e-54	211
Kdm2b-202	mRNA::ptg000009l:6724686-6743902	42.029	276	153	2	1033	1308	810	4	1.99e-59	228
Kdm3a-201	mRNA::ntLink_6:12334676-12342860	70.000	40	12	0	1214	1253	6313	6432	1.93e-10	68.6
Kdm3b-201	mRNA::ntLink_6:12334676-12342860	70.732	41	12	0	1652	1692	6310	6432	1.68e-09	65.9
Kdm4a-203	mRNA::ntLink_8:23220936-23230056	74.468	94	24	0	115	208	2336	2617	1.74e-55	163
Kdm4b-201	mRNA::ntLink_8:23220936-23230056	71.000	100	29	0	110	209	2318	2617	2.14e-42	160
Kdm4c-201	mRNA::ntLink_8:23220936-23230056	73.958	96	25	0	115	210	2330	2617	8.99e-55	162
Kdm4d-201	mRNA::ntLink_8:23220936-23230056	67.000	100	33	0	110	209	2318	2617	2.35e-41	156
Kdm5a-201	mRNA::ptg000016l:11573658-11620956	57.447	47	20	0	291	337	34185	34045	6.60e-11	70.5
Kdm5b-201	mRNA::ptg000016l:11573658-11620956	61.702	47	18	0	307	353	34185	34045	5.26e-11	70.5
Kdm5c-202	mRNA::ntLink_8:23220936-23230056	42.623	61	35	0	474	534	2435	2617	3.39e-08	61.2
Kdm5d-201	mRNA::ntLink_8:23220936-23230056	42.623	61	35	0	473	533	2435	2617	4.23e-08	60.8
Kdm6a-202	mRNA::ptg000021l:18158119-18177747	76.744	43	10	0	327	369	6348	6476	6.19e-13	76.6
Kdm6b-201	mRNA::ptg000021l:18158119-18177747	62.791	43	16	0	1430	1472	16776	16904	3.06e-11	71.6
Kdm7a-201	mRNA::ptg000022l:9572818-9580439	65.385	26	9	0	39	64	16	93	2.01e-12	52.8
Kdm8-201	mRNA::ptg000031l:1046294-1048246	41.417	367	162	8	42	361	172	1254	5.24e-90	287
Uty-201	mRNA::ptg000021l:18158119-18177747	79.070	43	9	0	320	362	6348	6476	1.47e-13	78.6
Phf2-201	mRNA::ptg000022l:9572818-9580439	50.000	62	31	0	264	325	4121	4306	1.00e-12	75.5
Phf8-201	mRNA::ptg000022l:9572818-9580439	56.452	62	27	0	262	323	4121	4306	7.32e-15	82.4
Jmjd6-201	mRNA::ptg000026l:12317063-12325194	78.571	84	18	0	172	255	5875	6126	6.01e-47	151
Jarid2-201	mRNA::ptg000025l:16522887-16557514	47.500	40	21	0	846	885	15570	15689	5.90e-09	43.5
Jmjd7-201	mRNA::ntLink_8:23538143-23539315	57.191	299	121	1	20	311	927	31	3.04e-132	383
Tyw5-209	mRNA::ptg000011l:6210846-6214404	71.429	77	22	0	163	239	2198	2428	5.48e-30	122
Riox1-201	mRNA::ptg000002l:7811190-7822143	64.151	53	16	1	273	325	2928	3077	5.09e-12	72.0
Riox2-201	mRNA::ptg000008l:2143417-2154029	35.537	121	70	3	25	144	85	426	2.59e-10	66.6
STK4-202	mRNA::ptg000020l:12486188-12492478	29.167	264	176	6	28	284	4	783	4.57e-30	127
MST1-202	mRNA::ptg000035l:8078039-8086728	29.752	242	153	7	497	722	5045	5767	9.82e-21	100
SLK-202	mRNA::ptg000020l:12486188-12492478	31.818	264	168	7	34	293	10	777	9.73e-28	124
PRKAA2-201	mRNA::ptg000025l:10473942-10482742	44.845	194	101	5	8	198	8767	8195	5.19e-41	161
WEE1-202	mRNA::ptg000020l:12486188-12492478	25.352	284	176	8	299	572	10	783	4.65e-17	88.2
HIRA-201	mRNA::ptg000010l:2103036-2124529	74.107	112	29	0	163	274	6442	6777	1.36e-48	192
HASPIN-201	mRNA::ptg000017l:4983967-4993468	47.619	105	53	1	591	695	1974	1666	7.91e-21	101
BUB1-201	mRNA::ptg000002l:6750169-6768819	58.333	48	20	0	939	986	16145	16288	1.80e-10	68.2
DLK1-202	mRNA::ptg000031l:875688-888412	39.048	210	112	8	43	244	3489	2884	1.15e-30	126
DAPK3-202	mRNA::ptg000012l:17505103-17622410	45.556	270	139	2	5	274	115026	115811	2.62e-74	256
PKN1-201	mRNA::ptg000025l:5301293-5308340	34.667	225	134	5	609	828	6873	6223	5.25e-28	125
WDR5-201	mRNA::ptg000027l:7801803-7803727	50.307	163	67	4	32	181	13	498	4.74e-43	159
JAK2-201	mRNA::ptg000007l:2183362-2186966	33.904	292	167	8	835	1124	2747	3550	2.42e-39	161
DBF4-201	mRNA::ptg000012l:9001356-9004612	25.649	308	162	9	49	354	732	4	2.74e-16	85.5
DYRK1A-221	mRNA::ntLink_8:8344824-8346546	44.838	339	150	6	149	472	562	1512	8.94e-90	295
RPS6KA5-207	mRNA::ptg000008l:381670-386219	32.028	281	128	6	43	267	1636	815	3.69e-39	159
RPS6KA4-201	mRNA::ptg000008l:381670-386219	30.357	280	133	6	27	250	1636	815	4.03e-36	149
YWHAQ-201	mRNA::ptg000020l:738895-739621	62.445	229	82	4	2	228	7	687	1.56e-94	279
PRKCB-210	mRNA::ptg000025l:5301293-5308340	33.333	219	134	4	347	560	6840	6205	2.67e-29	127
AURKB-214	mRNA::ptg000020l:12486188-12492478	28.077	260	179	6	74	327	1	774	4.74e-26	111
AURKC-201	mRNA::ptg000020l:12486188-12492478	29.070	258	175	6	40	291	1	768	1.14e-30	124
AURKA-208	mRNA::ptg000020l:12486188-12492478	28.077	260	181	5	130	384	1	777	3.81e-31	128
JKAMP-214	mRNA::ptg000001l:11629566-11637719	57.692	52	21	1	34	85	3133	3285	1.02e-12	71.2
MAPK9-207	mRNA::ptg000009l:4101174-4106018	47.297	222	109	3	20	233	4790	4125	4.81e-59	210
MAPK8-201	mRNA::ptg000009l:4101174-4106018	45.714	210	100	4	6	207	4814	4203	5.79e-50	180
STK4-202	mRNA::ptg000020l:12486188-12492478	29.167	264	176	6	28	284	4	783	4.57e-30	127
MST1-202	mRNA::ptg000035l:8078039-8086728	29.752	242	153	7	497	722	5045	5767	9.82e-21	100
MCPH1-201	mRNA::ptg000009l:9748662-9763047	54.545	55	25	0	659	713	3236	3072	1.49e-09	64.7
PAK2-201	mRNA::ptg000020l:12486188-12492478	30.502	259	169	6	249	500	10	774	6.86e-31	130
HIRA-201	mRNA::ptg000010l:2103036-2124529	74.107	112	29	0	163	274	6442	6777	1.36e-48	192
ATM-229	mRNA::ptg000008l:6136224-6159252	87.097	62	8	0	2890	2951	22118	22303	1.81e-26	122
ATR-201	mRNA::ptg000023l:33805674-33853610	48.744	199	100	2	1118	1315	19781	20374	3.41e-50	201
CSNK2B-203	mRNA::ntLink_8:14635278-14639071	51.942	206	88	2	9	203	10	627	8.24e-62	210
PRKCD-201	mRNA::ptg000025l:5301293-5308340	32.906	234	142	5	335	560	6906	6226	8.70e-29	125
MAP2K1-201	mRNA::ptg000020l:12486188-12492478	32.995	197	126	6	66	257	4	591	1.02e-24	108
MAP3K12-205	mRNA::ptg000007l:2183362-2186966	31.579	266	165	7	148	398	2759	3550	1.30e-32	139
map3k22-202	mRNA::ptg000020l:12486188-12492478	31.365	271	170	8	359	624	7	786	2.47e-30	130
MAPK1-201	mRNA::ptg000009l:4101174-4106018	57.399	223	91	4	19	237	4790	4122	1.08e-75	256
MAPK3-201	mRNA::ptg000009l:4101174-4106018	56.502	223	93	4	36	254	4790	4122	2.27e-74	253
mapk8b-203	mRNA::ptg000009l:4101174-4106018	47.297	222	109	3	20	233	4790	4125	5.28e-59	210
MAPK11-201	mRNA::ptg000009l:4101174-4106018	49.167	240	114	2	2	233	4838	4119	6.51e-75	254
MAPK12-201	mRNA::ptg000009l:4101174-4106018	47.768	224	109	2	21	236	4790	4119	1.87e-68	236
MAPK13-201	mRNA::ptg000009l:4101174-4106018	49.789	237	109	3	6	232	4832	4122	3.89e-70	240
MAPK14-201	mRNA::ptg000009l:4101174-4106018	54.667	225	94	2	18	234	4790	4116	5.49e-79	266
PRKAA1-202	mRNA::ntLink_8:22165444-22174653	85.897	78	11	0	137	214	5457	5224	5.11e-37	150
PRKAA2-201	mRNA::ptg000025l:10473942-10482742	44.845	194	101	5	8	198	8767	8195	5.19e-41	161
PRKDC-201	mRNA::ptg000024l:8975657-8986599	64.865	74	26	0	3882	3955	4148	3927	1.03e-48	112
PIM1-201	mRNA::ntLink_8:1786802-1795604	50.820	122	58	1	82	203	1841	1482	1.20e-32	130
CDK8-201	mRNA::ptg000047l:6375961-6380993	30.224	268	160	4	93	360	4190	4912	6.55e-32	132
Chuk-201	mRNA::ptg000020l:12486188-12492478	29.808	208	137	4	15	221	10	609	6.49e-20	97.8
CDK1-203	mRNA::ptg000020l:2738437-2742676	78.261	92	20	0	106	197	1834	1559	2.68e-45	166
CHEK1-204	mRNA::ptg000025l:5301293-5308340	33.971	209	129	5	4	208	6873	6262	8.67e-30	125
BAZ1B-201	mRNA::ptg000002l:14635694-14639256	58.333	84	34	1	2004	2087	1356	1108	2.46e-23	111
Suv39h1-kmt1a-202	mRNA::ptg000018l:5343413-5344973	42.079	202	101	6	218	412	952	1530	2.47e-37	144
Suv39h2-Kmt1b-201	mRNA::ptg000018l:5343413-5344973	40.306	196	102	6	292	476	955	1530	1.05e-34	138
Kmt1c-Ehmt2-201	mRNA::ptg000018l:5343413-5344973	46.497	157	67	5	1067	1211	958	1413	4.46e-32	134
Kmt1d-Ehmt1-210	mRNA::ptg000018l:5343413-5344973	48.408	157	64	5	1100	1244	958	1413	2.80e-31	132
Kmt1e-Setdb1-201	mRNA::ptg000018l:5343413-5344973	52.000	75	35	1	796	870	958	1179	6.53e-15	81.6
Kmt1f-Setdb2-201	mRNA::ptg000018l:5343413-5344973	42.857	91	44	3	345	430	958	1221	6.22e-11	67.8
Kmt2a-201	mRNA::ptg000035l:6865811-6883719	40.367	109	64	1	1545	1652	5760	6086	4.02e-22	108
Kmt2b-201	mRNA::ptg000035l:6865811-6883719	39.785	93	54	1	1321	1411	5760	6038	2.05e-15	86.3
Kmt2c-201	mRNA::ptg000016l:11573658-11620956	68.056	72	22	1	985	1055	34227	34012	7.46e-27	125
Kmt2d-201	mRNA::ptg000016l:11573658-11620956	72.581	62	17	0	1368	1429	34224	34039	9.20e-24	115
Kmt2e-202	mRNA::ptg000022l:6658054-6679487	59.091	44	18	0	375	418	12941	13072	5.59e-08	60.8
Kmt2f-Setd1a-201	mRNA::ptg000007l:8442481-8456290	72.727	77	21	0	1582	1658	845	615	3.74e-27	124
Kmt2g-Setd1b-201	mRNA::ptg000007l:8442481-8456290	76.316	76	18	0	1853	1928	839	612	2.61e-29	131
Kmt2h-Ash1l-201	mRNA::ptg000017l:6741785-6755930	46.939	98	51	1	2155	2252	11448	11738	8.77e-23	110
Kmt3a-Setd2-201	mRNA::ptg000017l:6741785-6755930	49.541	109	53	1	1540	1648	11436	11756	1.20e-24	116
Kmt3b-Nsd1-201	mRNA::ptg000017l:6741785-6755930	51.754	228	104	5	1543	1769	4159	4827	9.27e-67	255
Kmt3c-Smyd2-201	mRNA::ptg000027l:399149-402149	36.139	202	118	7	3	200	2991	2407	1.56e-24	108
Kmt4-Dot1l-201	mRNA::ptg000039l:548765-560696	66.038	53	18	0	89	141	1413	1571	4.90e-12	73.9
Kmt5a—Setd8-202	mRNA::ptg000007l:6591857-6598946	52.439	82	38	1	283	363	252	7	8.80e-18	87.4
Kmt5b-206	mRNA::ptg000024l:2728900-2735290	78.261	46	10	0	282	327	1580	1443	9.05e-16	85.1
Kmt5c-201	mRNA::ptg000024l:2728900-2735290	65.217	46	16	0	191	236	1580	1443	2.47e-13	75.1
Kmt6-Ezh2-201	mRNA::ptg000012l:3031394-3042990	59.130	115	19	1	511	597	2908	2564	1.54e-33	134
Kmt7-Setd7/9-201	mRNA::ptg000039l:279096-284788	40.984	61	36	0	35	95	5201	5383	1.12e-06	53.1
Kmt8-Prdm2-201	mRNA::ntLink_8:34079351-34082428	29.032	155	74	3	22	140	1372	908	2.29e-11	71.6
Prdm1-201	mRNA::ptg000020l:11717453-11718251	46.043	139	75	0	600	738	522	106	8.70e-38	144
Mecom-PRDM3-212	mRNA::ntLink_8:25315812-25317174	35.593	236	131	7	15	236	1011	325	3.73e-30	127
Prdm4-207	mRNA::ptg000017l:3822827-3823868	38.415	164	101	0	590	753	660	169	9.85e-35	137
Prdm5-202	mRNA::ptg000011l:259505-261444	36.865	453	267	9	141	590	599	1909	8.61e-90	292
Prdm6-201	mRNA::ntLink_8:34079351-34082428	66.667	120	40	0	464	583	375	16	1.68e-49	187
PRDM7-202	mRNA::ntLink_8:34079351-34082428	33.898	177	77	5	234	371	1396	869	6.23e-20	95.9
Prdm8-201	mRNA::ntLink_8:19243170-19248026	43.333	60	33	1	80	138	1981	1802	3.54e-07	56.2
Prdm9-207	mRNA::ptg000011l:259505-261444	52.266	331	158	0	517	847	770	1762	2.04e-121	383
Prdm10-205	mRNA::ptg000012l:3121611-3125093	27.937	383	240	12	509	870	1341	238	2.14e-28	126
Prdm11-206	mRNA::ptg000009l:8344631-8415426	27.466	659	445	14	500	1136	21966	20023	8.64e-75	276
Prdm12-201	mRNA::ptg000031l:1144815-1154129	76.667	90	21	0	236	325	387	118	2.86e-40	154
Prdm13-202	mRNA::ptg000008l:9345996-9347328	77.108	83	19	0	620	702	258	10	5.17e-38	149
Prdm14-201	mRNA::ptg000020l:16637579-16639241	71.598	169	48	0	390	558	1006	1512	3.45e-79	261
Prdm15-201	mRNA::ptg000011l:268342-311694	27.509	538	324	13	402	914	40119	38629	5.84e-50	197
Prdm16-206	mRNA::ptg000020l:11717453-11718251	32.743	226	140	4	230	447	762	97	1.26e-30	124
Setmar-201	mRNA::ptg000018l:5343413-5344973	51.598	219	94	2	97	308	916	1557	1.03e-65	216
Ash2l-201	mRNA::ptg000026l:13057152-13069171	55.738	61	21	2	329	384	8720	8541	1.80e-10	67.0
Whsc1-Nsd2-201	mRNA::ptg000017l:6741785-6755930	50.000	254	114	6	647	892	4081	4827	2.97e-69	260
Whsc1l-Nsd3-205	mRNA::ptg000017l:6741785-6755930	40.071	282	111	7	705	982	4144	4827	1.60e-48	193
Ezh1-203	mRNA::ptg000012l:3031394-3042990	59.091	110	17	1	515	596	2908	2579	3.70e-32	130
Setd3-201	mRNA::ntLink_6:14794460-14806798	58.108	74	31	0	284	357	3073	2852	5.74e-21	100
Setd4-201	mRNA::ptg000023l:35710032-35712443	34.978	223	138	3	28	243	82	750	1.54e-28	120
Setd5-201	mRNA::ptg000022l:6658054-6679487	56.818	44	19	0	318	361	12941	13072	3.78e-08	61.2
Setd6-201	mRNA::ptg000009l:827425-834089	47.126	87	46	0	113	199	1877	2137	4.48e-13	74.3
Smyd1-201	mRNA::ptg000027l:399149-402149	28.729	181	121	4	16	194	2952	2428	1.30e-18	91.7
Smyd3-204	mRNA::ptg000027l:399149-402149	33.508	191	118	4	5	194	2976	2428	6.20e-28	119
Smyd4-201	mRNA::ptg000027l:1161521-1163591	28.383	606	354	16	7	598	2037	418	1.57e-58	214
Smyd5-201	mRNA::ptg000017l:5504954-5516470	46.316	95	48	1	25	116	11468	11184	2.84e-13	77.0
Mbd2-201	mRNA::ptg000031l:12292241-12299727	39.732	224	110	9	183	390	6800	7444	2.64e-36	144
Mbd3-201	mRNA::ptg000031l:12292241-12299727	37.553	237	118	10	37	257	6803	7471	1.06e-34	135
Mbd4-201	mRNA::ntLink_6:4129074-4130763	59.770	87	33	1	388	474	1014	760	7.45e-27	116
Mbd5-201	mRNA::ptg000016l:6682533-6692087	61.364	44	17	0	34	77	892	1023	7.75e-08	60.5
Mbd6-201	mRNA::ptg000016l:6682533-6692087	53.333	45	21	0	35	79	889	1023	9.02e-07	57.8
Baz2b-201	mRNA::ptg000024l:1249228-1260516	52.941	51	21	1	2049	2096	10002	10154	1.22e-07	60.1
Uhrf1-201	mRNA::ptg000018l:1258740-1271038	63.462	52	19	0	1	52	1	156	1.16e-13	77.8
Uhrf2-201	mRNA::ptg000018l:1258740-1271038	76.923	39	9	0	430	468	6743	6859	2.66e-12	73.6
Zbtb33-201	mRNA::ptg000023l:23839523-23842124	38.095	84	52	0	488	571	423	172	7.61e-14	77.4
Zbtb4-202	mRNA::ptg000023l:23839523-23842124	37.500	80	50	0	285	364	411	172	3.77e-11	69.7
Zbtb38-201	mRNA::ntLink_8:25315812-25317174	45.714	140	73	1	1007	1146	996	586	2.00e-27	119
Zfp57-201	mRNA::ptg000020l:7644465-7654384	34.188	117	71	1	83	193	405	55	2.32e-11	68.6
Klf4-201	mRNA::ntLink_8:17935453-17936570	76.471	85	20	0	399	483	258	4	3.86e-43	158
Egr1-202	mRNA::ptg000017l:4029351-4046028	70.968	124	30	1	303	426	471	118	3.42e-51	191
Wt1-205	mRNA::ntLink_8:17935453-17936570	62.353	85	32	0	389	473	261	7	9.31e-30	122
Ctcf-201	mRNA::ptg000011l:259505-261444	35.390	308	190	5	266	573	590	1486	4.77e-56	207
EYA1-202	mRNA::ptg000010l:2250314-2262423	53.000	100	22	1	492	566	10832	11131	1.27e-23	108
EYA3-203	mRNA::ptg000010l:2250314-2262423	52.381	126	24	2	458	547	10754	11131	3.23e-28	123
EYA4-202	mRNA::ptg000010l:2250314-2262423	53.398	103	23	1	536	613	10823	11131	1.41e-24	112
EYA2-202	mRNA::ptg000010l:2250314-2262423	54.000	100	21	1	438	512	10832	11131	3.99e-24	109
PPM1D-201	mRNA::ptg000009l:948066-952397	56.780	118	48	2	160	276	2684	2337	1.08e-32	137
PPP6C-201	mRNA::ntLink_6:9865534-9872126	68.116	69	22	0	33	101	3182	3388	6.45e-44	105
PPP4C-201	mRNA::ptg000009l:1666181-1669491	47.899	119	58	1	41	159	328	672	2.52e-27	114
DUS1L-201	mRNA::ptg000027l:5955070-5983649	63.830	47	17	0	232	278	4359	4499	3.92e-13	74.7
PPP1CA-203	mRNA::ptg000009l:1666181-1669491	51.500	200	38	4	1	141	1	600	3.52e-46	169
PPP1CB-203	mRNA::ptg000009l:1666181-1669491	95.062	81	4	0	60	140	358	600	3.80e-60	162
PPP1CC-201	mRNA::ptg000009l:1666181-1669491	100.000	79	0	0	63	141	364	600	1.62e-63	168
Prmt2-203	mRNA::ptg000023l:14582252-14583866	43.508	439	211	6	44	475	145	1371	1.92e-123	372
Prmt3-201	mRNA::ptg000023l:14582252-14583866	36.137	321	184	7	210	514	343	1290	5.35e-52	187
Prmt5-201	mRNA::ptg000025l:281752-290634	69.048	42	13	0	359	400	3295	3170	1.15e-09	64.3
Prmt6-203	mRNA::ptg000023l:14582252-14583866	38.182	330	182	8	46	364	352	1308	6.04e-59	201
Prmt7-201	mRNA::ptg000008l:4822635-4826984	28.521	284	156	10	38	289	412	1218	1.52e-21	102
Prmt8-201	mRNA::ptg000023l:14582252-14583866	37.538	325	189	8	76	387	364	1335	9.89e-54	188
Prmt9-201	mRNA::ptg000008l:4822635-4826984	32.991	876	502	19	26	845	22	2562	2.03e-134	453
PPP1R3C-201	mRNA::ptg000017l:1255233-1255890	36.058	208	106	9	56	257	645	85	2.86e-28	110
PPP1R3D-201	mRNA::ptg000025l:6535511-6537475	35.638	188	111	5	98	284	549	13	5.68e-25	107
PPP1R3B-201	mRNA::ptg000017l:1255233-1255890	34.146	205	118	7	30	233	651	85	3.83e-28	109
PPP1R3F-201	mRNA::ptg000025l:6539995-6541595	33.613	119	45	2	172	289	315	58	2.36e-07	56.6
PPP1R3G-201	mRNA::ptg000025l:6539995-6541595	29.710	138	65	4	212	349	393	76	1.43e-07	55.5
PPP1R3A-201	mRNA::ptg000025l:6539995-6541595	36.471	170	103	2	62	231	564	70	7.14e-19	94.0
PPP1R3E-201	mRNA::ptg000025l:6526165-6529021	27.473	182	127	2	86	262	552	7	2.74e-15	78.2
PPP1R7-201	mRNA::ptg000008l:24060713-24069179	64.286	56	20	0	303	358	8293	8460	3.28e-15	79.7
PPP1R8-202	mRNA::ptg000007l:2037384-2045123	66.667	48	14	1	50	97	5728	5591	4.48e-13	72.8
PPP1R9A-206	mRNA::ptg000023l:291321-315808	48.810	84	40	2	505	588	24236	24478	2.07e-11	71.6
PPP1R9B-202	mRNA::ptg000023l:291321-315808	47.619	84	41	2	497	580	24236	24478	6.35e-11	68.9
PPP1R12A-203	mRNA::ptg000020l:7417240-7461937	30.108	279	135	7	27	269	43132	43896	2.82e-19	97.1
PPP1R12C-201	mRNA::ptg000002l:9629656-9630166	44.444	90	50	0	94	183	175	444	1.16e-16	80.5
PPP1R12B-216	mRNA::ptg000020l:7055077-7057293	30.043	233	132	3	77	290	334	996	6.06e-20	97.8
PPP1R13B-201	mRNA::ptg000012l:1906465-1916156	42.169	83	41	2	1012	1087	8588	8836	2.19e-11	71.2
PPP1R16A-202	mRNA::ptg000026l:8056001-8058659	30.579	242	151	5	75	306	2598	1894	2.23e-18	91.3
PPP1R16B-201	mRNA::ptg000020l:6200731-6210941	27.615	239	167	2	66	299	8978	9691	1.73e-21	102
PPP1R2-206	mRNA::ptg000026l:7047986-7057056	79.310	29	6	0	47	75	4704	4618	1.96e-06	54.3
METTL14-201	mRNA::ptg000026l:5058300-5066162	82.667	75	13	0	247	321	6098	6322	5.59e-27	117
WTAP-202	mRNA::ptg000008l:8506823-8512611	90.385	52	5	0	151	202	1194	1039	4.23e-20	95.1
VIRMA-201	mRNA::ptg000025l:604086-632655	45.370	108	52	2	951	1055	17271	17582	4.78e-13	77.8
CBLL1-201	mRNA::ptg000002l:12558306-12563426	32.174	115	28	3	123	191	972	640	3.59e-09	62.0
ZC3H13-201	mRNA::ptg000035l:3231602-3246518	36.975	119	59	4	1500	1607	1216	875	1.92e-09	65.5
RBM15-201	mRNA::ptg000018l:1275941-1278515	58.470	183	76	0	349	531	667	1215	1.09e-62	231
METTL16-201	mRNA::ptg000009l:8137616-8147705	49.550	111	55	1	1	110	1	333	8.00e-26	115
ZCCHC4-201	mRNA::ptg000017l:9478690-9493216	34.197	193	89	5	43	202	12182	11619	6.09e-19	93.6
METTL5-201	mRNA::ptg000023l:26955656-26957433	63.971	136	47	1	4	137	1777	1370	5.22e-54	183
TRMT112-206	mRNA::ptg000011l:5898919-5901980	52.381	42	20	0	20	61	477	602	1.27e-07	50.8
RBM15B-201	mRNA::ptg000018l:1275941-1278515	58.333	192	80	0	325	516	706	1281	7.04e-62	227
ALKBH5-201	mRNA::ptg000027l:4328341-4331152	68.182	176	56	0	81	256	2646	2119	2.25e-71	242
YTHDC2-201	mRNA::ptg000004l:603398-607504	28.972	428	258	11	623	1045	3281	2121	7.80e-41	167
YTHDC1-201	mRNA::ntLink_8:15996009-16015738	73.214	56	15	0	395	450	12218	12051	1.06e-17	90.9
YTHDF1-202	mRNA::ptg000023l:29820180-29824147	70.408	196	56	2	345	539	1393	1977	7.42e-84	286
YTHDF2-201	mRNA::ptg000023l:29820180-29824147	70.745	188	54	1	381	567	1435	1998	8.66e-86	292
YTHDF3-205	mRNA::ptg000023l:29820180-29824147	73.988	173	44	1	395	566	1459	1977	1.15e-79	275
RBMX-201	mRNA::ptg000027l:8461433-8462599	42.667	75	43	0	10	84	55	279	1.38e-09	61.6
IGF2BP1-201	mRNA::ntLink_6:15916545-15928250	29.600	125	78	2	400	521	151	504	1.87e-06	53.5
IGF2BP2-204	mRNA::ptg000002l:8091508-8097097	21.865	311	215	8	202	486	1017	91	3.68e-10	65.9
IGF2BP3-201	mRNA::ptg000002l:8091508-8097097	22.581	310	190	8	198	458	1017	91	5.79e-09	61.6
FMR1-201	mRNA::ptg000021l:20839733-20842877	34.043	235	88	6	229	414	1631	981	3.11e-22	104
HNRNPA2B1-201	mRNA::ptg000016l:12895570-12900267	38.889	180	98	3	23	195	31	555	5.70e-34	135
ELF3-203	mRNA::ptg000024l:8283637-8287933	52.273	88	42	0	271	358	3991	4254	9.40e-23	102
PRRC2A-202	mRNA::ptg000031l:1917273-1931699	57.143	91	34	2	39	125	337	606	4.02e-17	91.3
METTL4-203	mRNA::ptg000023l:4341384-4351489	54.902	102	45	1	298	399	2546	2244	8.57e-29	123
DCP2-201	mRNA::ptg000031l:5708587-5708962	41.860	86	24	1	8	67	312	55	8.45e-16	75.5
NSUN2-201	mRNA::ptg000033l:298585-339417	67.391	46	15	0	298	343	9973	9836	3.98e-11	69.7
TRDMT1-203	mRNA::ptg000026l:9826251-9835742	46.552	58	26	2	301	358	506	348	1.09e-06	53.5
NSUN4-204	mRNA::ptg000008l:3541890-3544366	38.636	176	89	5	44	216	1896	1417	1.05e-22	102
NSUN6-201	mRNA::ptg000008l:21846342-21851776	55.357	56	25	0	192	247	3338	3171	6.96e-13	73.6
NSUN5-204	mRNA::ptg000022l:5859336-5866625	77.500	40	9	0	213	252	3872	3991	3.60e-11	68.2
NSUN3-201	mRNA::ptg000008l:3541890-3544366	35.294	170	100	4	171	333	564	64	5.14e-22	99.4
NOP2-201	mRNA::ptg000008l:19189532-19208031	76.364	55	13	0	348	402	7200	7364	6.73e-18	92.0
ALKBH1-201	mRNA::ptg000020l:762408-764579	49.074	108	55	0	164	271	684	1007	2.36e-26	113
YBX1-201	mRNA::ptg000008l:22086371-22097203	64.000	50	11	1	69	118	1256	1384	1.51e-09	61.6
ALYREF-202	mRNA::ptg000027l:5948886-5952397	63.636	66	20	1	131	192	1159	1356	9.18e-19	87.8
TRMT1-202	mRNA::ptg000017l:8985299-8998380	48.148	108	49	2	214	314	2241	2564	6.18e-24	110
TRMT61A-202	mRNA::ptg000016l:8545852-8551499	68.627	51	16	0	61	111	1243	1395	5.72e-17	83.6
TRMT10A-202	mRNA::ptg000018l:6466403-6468785	57.303	178	75	1	99	276	2130	1600	1.53e-65	223
TRMT10C-201	mRNA::ptg000018l:6466403-6468785	26.816	179	122	6	205	380	2118	1600	3.22e-13	73.9
ALKBH3-201	mRNA::ptg000009l:7566630-7583798	36.184	152	91	4	130	277	16832	16383	2.65e-17	84.3
METTL2A-201	mRNA::ptg000020l:560770-564982	50.000	50	25	0	221	270	2417	2566	2.33e-24	55.1
METTL2B-201	mRNA::ptg000020l:560770-564982	48.000	50	26	0	221	270	2417	2566	1.61e-23	54.7
METTL6-202	mRNA::ptg000020l:200922-203350	72.881	59	16	0	12	70	2407	2231	2.06e-20	93.2
METTL8-217	mRNA::ptg000020l:200922-203350	64.000	50	18	0	297	346	536	387	2.29e-12	71.2
METTL1-202	mRNA::ptg000026l:7232115-7236501	62.000	50	18	1	112	160	2230	2081	8.96e-11	64.7
DKC1-201	mRNA::ptg000035l:7128527-7134383	56.881	109	18	1	306	385	1058	732	9.26e-38	128
RPUSD2-201	mRNA::ptg000033l:438070-453412	66.667	45	15	0	319	363	2907	2773	2.49e-12	72.8
RPUSD4-201	mRNA::ptg000009l:1782783-1787118	41.758	91	47	4	231	319	2996	3256	1.95e-10	65.1
PUS3-201	mRNA::ptg000001l:19350168-19351810	42.807	285	143	5	158	428	728	1564	2.81e-70	235
PUS10-201	mRNA::ptg000023l:29147842-29155748	43.421	76	42	1	442	517	2554	2330	7.79e-10	64.3
PUS1-202	mRNA::ptg000001l:19349312-19349858	43.590	78	37	3	83	160	256	468	6.73e-08	54.7
PUS7L-201	mRNA::ptg000008l:10163618-10174744	35.172	145	84	4	302	446	2045	2449	8.04e-17	87.8
PUS7-202	mRNA::ptg000008l:10163618-10174744	47.541	183	94	1	215	397	1925	2467	3.58e-49	188
ADAR-202	mRNA::ptg000026l:9821067-9824379	43.393	507	251	10	723	1221	1873	3309	9.62e-120	400
ADARB1-201	mRNA::ptg000026l:9821067-9824379	42.092	392	197	11	325	697	2167	3309	1.16e-82	285
ADARB2-203	mRNA::ptg000026l:9821067-9824379	39.642	391	208	11	363	735	2167	3309	3.28e-74	266
Sumo2-207	mRNA::ptg000009l:4110835-4114983	39.706	68	36	1	19	81	3918	4121	2.34e-06	46.2
Sumo3-204	mRNA::ptg000009l:4110835-4114983	39.706	68	36	1	21	83	3918	4121	4.85e-06	45.8
Senp1-204	mRNA::ptg000005l:932449-933960	29.570	186	113	7	486	663	681	1208	1.15e-12	73.2
Senp2-201	mRNA::ntLink_8:2695726-2697662	25.506	247	156	10	360	583	436	1161	1.55e-08	60.1
Senp6-203	mRNA::ptg000008l:3718364-3740959	71.795	39	11	0	678	716	14899	15015	4.44e-09	63.5
Senp7-203	mRNA::ptg000008l:3718364-3740959	71.429	42	12	0	732	773	14899	15024	5.64e-10	66.6
Senp8-206	mRNA::ptg000022l:5874394-5877983	60.465	43	17	0	426	468	1995	1867	9.43e-07	54.7
Tet1-206	mRNA::ptg000023l:31189129-31200023	64.286	56	20	0	1917	1972	9137	9304	1.43e-12	76.3
Tet2-204	mRNA::ptg000023l:31189129-31200023	75.000	44	11	0	1189	1232	5826	5957	5.25e-13	77.4
Tet3-203	mRNA::ptg000023l:31189129-31200023	62.687	67	25	0	1655	1721	9125	9325	1.19e-17	93.6
HUWE1-202	mRNA::ntLink_8:1923224-1935684	69.030	268	57	1	3937	4178	3485	2682	5.24e-107	389
UBE2Z-201	mRNA::ptg000020l:342979-347875	81.818	66	12	0	128	193	2776	2973	2.45e-28	118
UBE2V1-203	mRNA::ptg000025l:8980878-8984909	80.000	50	9	1	11	60	137	283	6.05e-19	84.3
UBE2A-202	mRNA::ptg000018l:10713406-10716203	48.148	81	12	2	9	59	177	419	1.17e-24	68.6
UBE2D1-201	mRNA::ptg000025l:15462941-15470242	47.407	135	71	0	12	146	6876	7280	6.95e-38	138
UBE2D2-202	mRNA::ptg000025l:15462941-15470242	49.630	135	68	0	12	146	6876	7280	7.98e-40	144
UBE2D3-210	mRNA::ptg000025l:15462941-15470242	48.148	135	70	0	12	146	6876	7280	4.35e-39	142
UBA1-201	mRNA::ptg000001l:20990615-21008016	90.476	42	4	0	609	650	6156	6031	1.93e-14	81.3
UBA3-202	mRNA::ptg000025l:338097-347825	71.429	35	10	0	231	265	4731	4627	1.09e-21	64.3
UBA6-201	mRNA::ptg000001l:20990615-21008016	65.455	55	18	1	464	518	8520	8359	1.68e-12	74.7
UBA7-201	mRNA::ptg000001l:20990615-21008016	66.667	51	17	0	438	488	8514	8362	2.26e-11	70.9
UBA5-202	mRNA::ptg000012l:3758022-3768278	70.492	61	17	1	229	288	7941	8123	1.48e-16	84.7
UBA2-201	mRNA::ptg000025l:12739719-12746138	87.805	41	5	0	153	193	3091	2969	2.07e-17	89.4
UBE4A-201	mRNA::ptg000011l:1843089-1867939	39.516	124	63	4	410	521	12870	12499	8.37e-18	75.9
UHRF1-208	mRNA::ptg000018l:1258740-1271038	63.462	52	19	0	1	52	1	156	1.10e-13	78.2
RNF168-201	mRNA::ptg000021l:12876636-12880630	43.617	94	53	0	10	103	3982	3701	7.82e-22	102
TOM1-209	mRNA::ptg000027l:1682154-1699076	56.452	62	22	1	194	255	8553	8723	1.40e-11	69.7
TRIM37-201	mRNA::ptg000009l:7288930-7316543	88.571	35	4	0	7	41	1865	1969	6.43e-12	72.8
UBE3A-226	mRNA::ptg000001l:19044784-19057556	48.137	322	143	6	225	542	9954	9049	1.88e-86	305
UBR2-202	mRNA::ptg000023l:28856943-28883445	61.240	129	45	3	1582	1709	917	543	5.85e-38	159
RNF20-202	mRNA::ptg000007l:4879650-4894304	86.441	59	8	0	916	974	180	4	3.70e-30	132
RNF40-201	mRNA::ptg000007l:4879650-4894304	79.661	59	12	0	942	1000	180	4	6.59e-28	125
RNF8-202	mRNA::ptg000023l:24325749-24334121	49.412	85	42	1	397	480	2936	3190	8.49e-20	95.5
ARID1A-201	mRNA::ptg000008l:6688583-6703569	46.802	344	173	4	1948	2284	13961	14983	4.59e-69	262
ARID1B-220	mRNA::ptg000008l:6688583-6703569	45.330	364	192	4	2014	2371	13895	14983	7.32e-81	301
CUL4A-202	mRNA::ptg000035l:6136983-6146817	88.000	75	8	1	437	510	4564	4788	7.04e-30	130
DDB1-201	mRNA::ptg000024l:1801980-1824221	50.000	146	18	3	584	674	11574	11137	2.93e-26	120
DTX3L-201	mRNA::ptg000025l:6669570-6680304	59.783	92	37	0	624	715	9218	9493	1.57e-29	129
