FUN_000194-T1	sp|P70182|PI51A_MOUSE	60.579	449	126	6	56	496	43	448	0.0	547
FUN_000213-T1	sp|Q0DXS3|RDR1_ORYSJ	39.276	774	397	20	418	1174	10	727	2.62e-152	482
FUN_000213-T2	sp|Q0DXS3|RDR1_ORYSJ	39.276	774	397	20	418	1174	10	727	2.24e-150	482
FUN_000220-T1	sp|O16025|AOSL_PLEHO	26.095	548	359	13	154	688	551	1065	3.32e-43	167
FUN_000247-T1	sp|Q4DJ07|PGFS_TRYCC	37.634	279	148	7	459	733	8	264	8.33e-43	157
FUN_000247-T2	sp|Q4DJ07|PGFS_TRYCC	37.634	279	148	7	416	690	8	264	6.06e-43	157
FUN_000323-T1	sp|Q9QYF3|MYO5A_RAT	46.953	1887	872	23	1	1817	1	1828	0.0	1624
FUN_000323-T2	sp|Q9QYF3|MYO5A_RAT	47.313	1433	662	17	1	1369	1	1404	0.0	1221
FUN_000323-T3	sp|Q9QYF3|MYO5A_RAT	46.686	1705	780	23	1	1635	1	1646	0.0	1427
FUN_000395-T1	sp|Q9D0S9|HINT2_MOUSE	51.773	141	65	2	33	173	26	163	9.04e-48	152
FUN_000408-T1	sp|Q9NPH0|PPA6_HUMAN	34.239	368	227	7	82	444	48	405	2.36e-66	218
FUN_000418-T1	sp|P08684|CP3A4_HUMAN	31.522	460	259	16	46	484	41	465	5.27e-57	197
FUN_000419-T1	sp|Q0DXS3|RDR1_ORYSJ	39.170	771	396	17	420	1174	14	727	3.22e-148	476
FUN_000440-T1	sp|P11029|ACAC_CHICK	63.109	2258	799	14	18	2268	93	2323	0.0	3017
FUN_000502-T1	sp|Q38997|KIN10_ARATH	40.000	260	146	5	12	269	19	270	4.67e-51	180
FUN_000519-T1	sp|P08684|CP3A4_HUMAN	37.090	488	275	11	31	501	25	497	2.52e-107	328
FUN_000520-T1	sp|P08684|CP3A4_HUMAN	38.223	484	275	11	31	501	25	497	2.20e-110	336
FUN_000606-T1	sp|Q96LT4|SAMD8_HUMAN	53.333	405	173	6	9	400	9	410	2.51e-148	426
FUN_000620-T1	sp|O95427|PIGN_HUMAN	53.165	948	412	9	10	950	6	928	0.0	967
FUN_000628-T1	sp|Q9R1S3|PIGN_MOUSE	67.290	107	35	0	11	117	4	110	3.20e-46	159
FUN_000931-T1	sp|Q6P4M0|DHCR7_XENTR	49.886	437	200	5	70	493	43	473	2.12e-147	429
FUN_000968-T1	sp|Q2QRV3|PIOX_ORYSJ	41.135	423	220	12	10	418	210	617	8.68e-98	304
FUN_000971-T1	sp|Q2QRV3|PIOX_ORYSJ	37.705	549	312	13	169	705	85	615	3.10e-115	359
FUN_000977-T1	sp|P51813|BMX_HUMAN	35.751	386	222	11	483	848	291	670	2.66e-67	236
FUN_001040-T1	sp|Q9Z0M5|LICH_MOUSE	42.969	384	214	3	20	401	14	394	6.54e-107	320
FUN_001053-T1	sp|Q9FLT0|TSN2_ARATH	34.851	1010	478	38	9	887	13	973	6.60e-156	482
FUN_001079-T1	sp|P07314|GGT1_RAT	38.817	541	307	11	78	606	35	563	4.71e-114	352
FUN_001080-T1	sp|P07314|GGT1_RAT	39.439	535	302	10	103	626	40	563	9.44e-116	357
FUN_001081-T1	sp|Q38997|KIN10_ARATH	40.942	276	153	5	2	275	4	271	2.61e-56	195
FUN_001160-T1	sp|P28329|CLAT_HUMAN	29.858	633	384	18	201	810	126	721	1.09e-63	227
FUN_001201-T1	sp|P38571|LICH_HUMAN	43.850	374	207	2	28	400	27	398	1.72e-103	311
FUN_001202-T1	sp|Q9Z0M5|LICH_MOUSE	39.785	372	197	3	31	378	26	394	8.56e-92	280
FUN_001204-T1	sp|P38571|LICH_HUMAN	42.933	375	211	2	27	400	24	396	3.32e-100	303
FUN_001205-T1	sp|Q9Z0M5|LICH_MOUSE	43.935	371	205	2	29	398	26	394	9.03e-105	315
FUN_001211-T1	sp|O45870|NSMA_CAEEL	38.562	306	167	6	16	303	27	329	3.85e-66	217
FUN_001215-T1	sp|P97813|PLD2_MOUSE	43.900	918	461	15	66	971	58	933	0.0	721
FUN_001236-T1	sp|Q61907|PEMT_MOUSE	48.148	189	98	0	18	206	11	199	1.67e-62	192
FUN_001236-T2	sp|Q61907|PEMT_MOUSE	48.148	189	98	0	49	237	11	199	4.41e-62	192
FUN_001267-T1	sp|P50637|TSPO_MOUSE	43.396	159	90	0	2	160	1	159	4.63e-45	145
FUN_001326-T1	sp|P38571|LICH_HUMAN	56.934	137	54	2	8	139	6	142	1.78e-48	159
FUN_001327-T1	sp|Q9Z0M5|LICH_MOUSE	48.996	249	125	2	1	249	145	391	4.70e-83	253
FUN_001356-T1	sp|O94788|AL1A2_HUMAN	36.832	505	294	7	19	508	9	503	6.30e-110	346
FUN_001416-T1	sp|Q38997|KIN10_ARATH	38.722	266	147	7	30	292	19	271	1.24e-46	167
FUN_001418-T1	sp|P28329|CLAT_HUMAN	29.430	649	390	19	146	761	108	721	3.33e-67	236
FUN_001518-T1	sp|P0ABU5|ELBB_ECOLI	46.637	223	108	3	33	254	4	216	1.75e-62	194
FUN_001529-T1	sp|O08560|DGKZ_RAT	47.029	791	313	14	2	778	231	929	0.0	681
FUN_001529-T2	sp|O75912|DGKI_HUMAN	47.297	962	420	16	8	938	152	1057	0.0	856
FUN_001529-T3	sp|O75912|DGKI_HUMAN	46.787	996	432	19	32	996	129	1057	0.0	860
FUN_001535-T1	sp|Q9Y4D2|DGLA_HUMAN	34.578	830	464	17	1	792	1	789	1.54e-149	473
FUN_001616-T1	sp|Q61586|GPAT1_MOUSE	32.984	764	469	15	91	825	54	803	8.91e-133	416
FUN_001733-T1	sp|P27545|CERS1_MOUSE	39.716	282	168	2	40	320	52	332	9.45e-69	219
FUN_001739-T1	sp|A7S4N4|SERIC_NEMVE	41.887	265	145	5	1	261	188	447	1.91e-61	207
FUN_001794-T1	sp|P05183|CP3A2_RAT	41.015	473	258	12	46	509	38	498	8.10e-112	340
FUN_001794-T2	sp|P05183|CP3A2_RAT	39.429	350	188	12	46	385	38	373	1.00e-68	224
FUN_002080-T1	sp|P51813|BMX_HUMAN	34.228	298	180	5	463	760	388	669	7.18e-49	184
FUN_002103-T1	sp|P51813|BMX_HUMAN	35.000	280	160	7	314	593	410	667	1.94e-45	171
FUN_002378-T1	sp|Q8TCT0|CERK1_HUMAN	45.077	457	231	5	81	527	83	529	3.25e-137	407
FUN_002382-T1	sp|Q4R2Y9|ABHD2_MACFA	40.244	410	237	4	4	410	16	420	6.13e-110	329
FUN_002405-T1	sp|O73853|CP17A_ICTPU	32.574	439	287	7	11	443	31	466	2.47e-80	257
FUN_002578-T1	sp|P05183|CP3A2_RAT	38.958	480	278	8	48	517	23	497	3.28e-103	318
FUN_002579-T1	sp|P05183|CP3A2_RAT	35.984	503	304	10	6	497	2	497	7.37e-98	303
FUN_002682-T1	sp|P51813|BMX_HUMAN	36.299	281	157	5	396	676	411	669	1.28e-51	189
FUN_002683-T1	sp|P51813|BMX_HUMAN	37.276	279	153	6	263	541	411	667	2.17e-53	191
FUN_002697-T1	sp|Q9X248|FABG_THEMA	38.889	252	138	6	38	280	2	246	1.81e-52	171
FUN_002723-T1	sp|P39954|SAHH_YEAST	48.884	448	213	3	79	510	2	449	1.13e-147	430
FUN_003163-T1	sp|P05370|G6PD_RAT	66.112	481	162	1	46	526	30	509	0.0	697
FUN_003163-T2	sp|P05370|G6PD_RAT	66.112	481	162	1	7	487	30	509	0.0	697
FUN_003453-T1	sp|Q7TXL8|PPSC_MYCBO	26.238	2241	1378	69	870	2987	37	2125	6.87e-162	558
FUN_003587-T1	sp|P51813|BMX_HUMAN	32.646	291	171	6	60	350	410	675	1.36e-50	179
FUN_003718-T1	sp|P37193|ADXH1_DROME	70.149	134	40	0	54	187	39	172	3.04e-71	213
FUN_003840-T1	sp|O88488|PTPRQ_RAT	39.716	282	164	3	886	1165	1984	2261	6.76e-57	218
FUN_003844-T1	sp|Q5ZLF4|ZNT5_CHICK	44.134	358	175	2	25	382	400	732	1.91e-93	295
FUN_003844-T2	sp|Q28CE7|ZNT5_XENTR	51.634	153	66	1	29	181	403	547	2.84e-49	172
FUN_003852-T1	sp|Q9BRB3|PIGQ_HUMAN	30.292	548	307	15	10	526	3	506	3.70e-61	214
FUN_003852-T2	sp|Q9QYT7|PIGQ_MOUSE	42.215	289	145	5	333	621	313	579	3.66e-62	215
FUN_003856-T1	sp|A0A0C2SRU0|IBOD_AMAMK	42.121	330	162	8	26	328	1	328	3.45e-79	246
FUN_003857-T1	sp|A0A0C2SRU0|IBOD_AMAMK	43.636	330	157	8	597	899	1	328	3.49e-80	263
FUN_003859-T1	sp|A0A0C2SRU0|IBOD_AMAMK	40.282	355	179	9	112	439	1	349	1.57e-77	245
FUN_003861-T1	sp|A0A0C2SRU0|IBOD_AMAMK	42.121	330	162	8	122	424	1	328	1.57e-77	249
FUN_003863-T1	sp|A0A0C2SRU0|IBOD_AMAMK	43.939	330	156	8	124	426	1	328	2.94e-85	265
FUN_003867-T1	sp|A0A0C2SRU0|IBOD_AMAMK	42.121	330	162	8	26	328	1	328	4.92e-79	246
FUN_003868-T1	sp|A0A0C2SRU0|IBOD_AMAMK	43.636	330	157	8	161	463	1	328	1.60e-84	264
FUN_003869-T1	sp|A0A0C2SRU0|IBOD_AMAMK	41.261	349	176	8	123	444	1	347	6.67e-82	256
FUN_003871-T1	sp|A0A0C2SRU0|IBOD_AMAMK	41.972	355	173	10	570	897	1	349	2.32e-80	263
FUN_003874-T1	sp|A0A0C2SRU0|IBOD_AMAMK	43.769	329	157	7	120	421	1	328	1.33e-84	265
FUN_003875-T1	sp|A0A0C2SRU0|IBOD_AMAMK	42.121	330	162	8	31	333	1	328	1.34e-82	254
FUN_003876-T1	sp|A0A0C2SRU0|IBOD_AMAMK	40.678	354	178	10	123	449	1	349	8.37e-78	245
FUN_003887-T1	sp|Q38997|KIN10_ARATH	35.361	263	162	3	34	293	16	273	8.49e-51	176
FUN_003887-T2	sp|Q38997|KIN10_ARATH	35.361	263	162	3	39	298	16	273	1.71e-50	175
FUN_003925-T1	sp|Q9UMZ3|PTPRQ_HUMAN	36.429	280	163	6	752	1020	2015	2290	3.69e-47	185
FUN_004078-T1	sp|O74557|NCB5R_SCHPO	37.500	232	131	4	114	343	58	277	5.84e-46	158
FUN_004100-T1	sp|P13217|PIPA_DROME	37.209	602	334	13	178	755	200	781	1.88e-107	352
FUN_004160-T1	sp|Q6QI06|RICTR_MOUSE	49.352	1003	495	6	11	1011	18	1009	0.0	993
FUN_004174-T1	sp|P0C5E4|PTPRQ_MOUSE	29.466	2155	1299	79	190	2251	274	2300	1.53e-177	604
FUN_004213-T1	sp|Q16739|CEGT_HUMAN	42.784	388	220	2	16	402	7	393	2.42e-117	347
FUN_004225-T1	sp|Q5RDH5|AAPK1_PONAB	35.613	351	215	5	94	438	18	363	8.19e-67	223
FUN_004247-T1	sp|Q9BZC7|ABCA2_HUMAN	42.017	1190	549	24	536	1683	458	1548	0.0	880
FUN_004251-T1	sp|O86318|ACCD2_MYCTU	41.558	539	290	12	44	570	4	529	5.44e-120	364
FUN_004284-T1	sp|Q61469|PLPP1_MOUSE	33.818	275	167	3	39	310	4	266	1.06e-48	163
FUN_004317-T1	sp|Q9NZ01|TECR_HUMAN	51.645	304	146	1	2	304	5	308	3.21e-115	334
FUN_004346-T1	sp|Q09137|AAPK2_RAT	58.865	564	177	9	37	566	9	551	0.0	650
FUN_004350-T1	sp|P28288|ABCD3_HUMAN	65.964	617	204	1	61	677	49	659	0.0	879
FUN_004359-T1	sp|Q1LZA4|PIGW_BOVIN	33.775	453	278	11	8	450	2	442	5.43e-68	228
FUN_004368-T1	sp|P07314|GGT1_RAT	40.531	565	292	16	65	618	37	568	1.13e-121	371
FUN_004373-T1	sp|O88488|PTPRQ_RAT	25.697	1506	954	47	298	1722	843	2264	3.03e-100	360
FUN_004373-T2	sp|O88488|PTPRQ_RAT	25.697	1506	954	47	298	1722	843	2264	5.89e-100	359
FUN_004400-T1	sp|Q9UMZ3|PTPRQ_HUMAN	33.333	354	227	6	1379	1727	1968	2317	3.76e-54	209
FUN_004405-T1	sp|P0C7I7|SCOA_XANCP	57.759	232	80	1	55	286	24	237	4.21e-88	270
FUN_004421-T1	sp|P0C5E4|PTPRQ_MOUSE	38.125	320	181	6	997	1308	1980	2290	5.87e-60	228
FUN_004468-T1	sp|Q8UUU2|P85AA_XENLA	33.538	650	379	20	320	953	104	716	1.68e-92	308
FUN_004468-T2	sp|Q8UUU2|P85AA_XENLA	34.436	514	302	16	320	817	104	598	3.25e-74	257
FUN_004468-T3	sp|Q8UUU2|P85AA_XENLA	33.846	650	377	21	90	723	104	716	4.98e-95	310
FUN_004506-T1	sp|Q8N5I4|DHRSX_HUMAN	39.308	318	175	7	6	312	15	325	7.17e-56	183
FUN_004511-T1	sp|P51813|BMX_HUMAN	40.769	260	144	5	423	680	411	662	1.27e-53	195
FUN_004560-T1	sp|Q9W385|FRDA_DROME	54.472	123	51	2	61	178	66	188	1.25e-41	138
FUN_004566-T1	sp|A7Z064|HMDH_BOVIN	45.269	930	427	13	6	901	2	883	0.0	763
FUN_004573-T1	sp|O73853|CP17A_ICTPU	31.299	508	332	5	16	516	4	501	2.32e-90	285
FUN_004628-T1	sp|Q9UMZ3|PTPRQ_HUMAN	26.218	1026	593	40	190	1174	666	1568	3.37e-44	176
FUN_004752-T1	sp|Q63639|AL1A2_RAT	66.186	485	163	1	405	888	34	518	0.0	687
FUN_004786-T1	sp|P78368|KC1G2_HUMAN	78.248	331	71	1	4	334	5	334	0.0	545
FUN_004817-T1	sp|Q8VD53|ACER2_MOUSE	47.232	271	137	3	3	270	8	275	8.33e-81	244
FUN_004852-T1	sp|P70473|AMACR_RAT	53.214	280	125	5	10	287	107	382	1.03e-103	306
FUN_004862-T1	sp|Q1LZA0|PIGB_BOVIN	44.547	541	260	6	15	548	27	534	7.25e-159	463
FUN_004896-T1	sp|Q9UMZ3|PTPRQ_HUMAN	33.681	288	173	4	296	581	2020	2291	3.72e-48	181
FUN_004914-T1	sp|P12527|LOX5_RAT	31.646	395	229	9	79	458	200	568	8.65e-51	183
FUN_004916-T1	sp|Q9BXW7|HDHD5_HUMAN	43.928	387	192	9	41	415	45	418	1.62e-98	300
FUN_004919-T1	sp|Q38997|KIN10_ARATH	39.051	274	150	6	21	288	21	283	1.10e-57	193
FUN_005131-T1	sp|P54965|CBH_CLOPE	30.745	322	201	8	23	340	2	305	1.84e-43	153
FUN_005188-T1	sp|Q58CR4|DOLK_BOVIN	44.231	260	133	5	48	298	269	525	7.20e-66	215
FUN_005193-T1	sp|P09917|LOX5_HUMAN	27.243	602	363	16	55	639	129	672	1.37e-51	188
FUN_005317-T1	sp|P10731|AMD_BOVIN	48.014	277	126	8	40	314	59	319	1.94e-74	258
FUN_005352-T1	sp|Q9EQ60|CAC1H_RAT	30.105	382	239	6	1101	1478	1294	1651	1.43e-50	197
FUN_005356-T1	sp|Q6AX59|ABHD8_XENLA	45.418	251	134	2	77	325	167	416	1.21e-72	233
FUN_005467-T1	sp|P51813|BMX_HUMAN	39.194	273	151	5	1088	1360	410	667	3.06e-54	202
FUN_005467-T2	sp|P51813|BMX_HUMAN	39.194	273	151	5	1005	1277	410	667	2.81e-54	202
FUN_005822-T3	sp|Q2ABP2|PGAP2_CRIGR	39.344	244	139	4	4	245	7	243	2.78e-50	165
FUN_005823-T1	sp|Q2ABP2|PGAP2_CRIGR	45.238	210	106	4	26	234	30	231	1.71e-53	173
FUN_005883-T1	sp|Q6XPS3|TPTE2_HUMAN	49.881	421	192	8	139	552	111	519	1.48e-131	393
FUN_005989-T1	sp|O16025|AOSL_PLEHO	48.353	759	371	6	5	746	312	1066	0.0	749
FUN_005989-T2	sp|O16025|AOSL_PLEHO	46.304	460	226	6	2	444	408	863	5.00e-143	436
FUN_005989-T3	sp|O16025|AOSL_PLEHO	48.889	675	324	6	27	684	396	1066	0.0	683
FUN_005999-T1	sp|Q38997|KIN10_ARATH	39.394	264	147	5	391	649	19	274	8.94e-51	185
FUN_006002-T1	sp|P0DX16|INLPA_STRC4	27.264	1049	668	24	25	1043	478	1461	5.07e-97	340
FUN_006007-T1	sp|Q38997|KIN10_ARATH	38.376	271	157	4	43	312	10	271	1.92e-55	187
FUN_006223-T1	sp|A5A6P2|ASAH1_PANTR	52.044	367	171	2	25	386	29	395	2.52e-145	417
FUN_006228-T1	sp|Q9H720|PG2IP_HUMAN	45.691	731	356	7	79	805	6	699	0.0	630
FUN_006228-T2	sp|Q9H720|PG2IP_HUMAN	41.889	561	285	7	1	557	28	551	2.92e-137	414
FUN_006253-T1	sp|Q09711|NCS1_SCHPO	41.436	181	106	0	15	195	3	183	4.41e-52	165
FUN_006315-T1	sp|P51813|BMX_HUMAN	32.069	290	171	6	22	311	410	673	4.73e-42	154
FUN_006329-T1	sp|O17953|DLDH_CAEEL	71.069	477	135	3	32	508	20	493	0.0	691
FUN_006602-T1	sp|A0A3L7I2I8|PLPL9_CRIGR	37.681	828	449	16	8	811	22	806	0.0	550
FUN_006704-T1	sp|P33527|MRP1_HUMAN	35.366	574	352	10	474	1034	956	1523	3.23e-95	338
FUN_006729-T1	sp|O54909|RDH16_MOUSE	44.805	308	165	4	16	322	3	306	1.27e-83	256
FUN_006730-T1	sp|Q6DJH2|ADPPT_XENLA	52.119	236	108	4	6	240	11	242	4.32e-86	258
FUN_006797-T1	sp|Q9WTN3|SRBP1_MOUSE	40.086	928	457	25	342	1213	247	1131	1.48e-176	551
FUN_006821-T1	sp|P58021|TM9S2_MOUSE	35.000	480	298	6	106	583	195	662	8.13e-94	301
FUN_006864-T1	sp|Q63639|AL1A2_RAT	65.089	507	173	1	24	526	12	518	0.0	707
FUN_006864-T2	sp|Q63639|AL1A2_RAT	65.089	507	173	1	24	526	12	518	0.0	708
FUN_006872-T1	sp|Q29611|CLN3_CANLF	48.762	404	185	5	44	429	36	435	6.73e-121	358
FUN_006898-T1	sp|Q38997|KIN10_ARATH	51.163	258	122	2	10	265	15	270	1.58e-80	263
FUN_006927-T1	sp|Q9H2A2|AL8A1_HUMAN	37.113	485	293	7	44	524	10	486	4.21e-107	328
FUN_006927-T2	sp|Q9H2A2|AL8A1_HUMAN	36.930	417	253	6	1	413	76	486	2.54e-89	278
FUN_006940-T1	sp|Q13614|MTMR2_HUMAN	66.545	547	180	3	49	595	78	621	0.0	780
FUN_007004-T1	sp|Q5BIP7|LIAS_BOVIN	69.253	348	99	2	36	376	21	367	0.0	510
FUN_007030-T1	sp|Q6XZB0|LIPI_HUMAN	34.405	311	176	11	9	312	40	329	4.52e-49	169
FUN_007030-T2	sp|Q6XZB0|LIPI_HUMAN	34.405	311	176	11	54	357	40	329	1.64e-48	169
FUN_007037-T1	sp|Q8WWY8|LIPH_HUMAN	35.616	292	151	11	55	336	39	303	9.73e-43	153
FUN_007038-T1	sp|Q8WWY8|LIPH_HUMAN	35.336	283	161	8	67	345	39	303	3.83e-47	167
FUN_007043-T1	sp|Q8WWY8|LIPH_HUMAN	35.336	283	161	8	359	637	39	303	8.61e-45	166
FUN_007046-T1	sp|Q8WWY8|LIPH_HUMAN	35.570	298	153	12	39	324	39	309	3.33e-43	154
FUN_007047-T1	sp|Q8WWY8|LIPH_HUMAN	37.594	266	134	10	87	340	64	309	1.38e-43	155
FUN_007048-T1	sp|Q6XZB0|LIPI_HUMAN	35.690	297	166	9	16	302	47	328	6.17e-51	174
FUN_007049-T1	sp|Q6XZB0|LIPI_HUMAN	35.740	277	159	7	62	334	47	308	7.68e-49	170
FUN_007115-T1	sp|Q9UMZ3|PTPRQ_HUMAN	28.203	1085	658	38	143	1154	1281	2317	1.27e-76	281
FUN_007161-T1	sp|Q64649|KPB1_RAT	46.942	1259	576	15	1	1190	1	1236	0.0	1085
FUN_007172-T1	sp|O16025|AOSL_PLEHO	44.403	1072	550	14	38	1071	3	1066	0.0	909
FUN_007183-T1	sp|O16025|AOSL_PLEHO	45.709	1072	551	12	1	1047	1	1066	0.0	944
FUN_007685-T1	sp|P97363|SPTC2_MOUSE	56.180	178	77	1	46	222	109	286	1.62e-63	206
FUN_007686-T1	sp|Q3B7D2|SPTC2_RAT	52.273	220	57	3	1	173	318	536	8.51e-69	218
FUN_007704-T1	sp|P97363|SPTC2_MOUSE	62.275	334	125	1	11	344	209	541	2.27e-155	447
FUN_007705-T1	sp|P97363|SPTC2_MOUSE	55.738	488	213	3	38	523	53	539	0.0	569
FUN_007707-T1	sp|Q3B7D2|SPTC2_RAT	62.332	223	83	1	311	533	318	539	3.93e-95	300
FUN_007813-T1	sp|Q9Y6A2|CP46A_HUMAN	39.050	484	281	7	26	504	16	490	2.66e-109	333
FUN_007813-T2	sp|Q9Y6A2|CP46A_HUMAN	36.917	493	280	9	26	505	16	490	6.93e-109	332
FUN_007813-T3	sp|Q9Y6A2|CP46A_HUMAN	39.050	484	281	7	26	504	16	490	3.06e-109	333
FUN_007816-T1	sp|Q9Y6A2|CP46A_HUMAN	35.464	485	300	6	23	504	16	490	8.42e-101	312
FUN_007823-T1	sp|Q05609|CTR1_ARATH	36.201	279	164	5	105	379	544	812	1.43e-45	176
FUN_007852-T1	sp|Q68FF9|S5A1_MOUSE	54.023	261	110	3	11	268	2	255	6.22e-93	274
FUN_007852-T2	sp|Q68FF9|S5A1_MOUSE	48.691	191	88	3	11	198	2	185	5.28e-55	175
FUN_007870-T1	sp|A0A2U1KZS6|NCPR2_ARTAN	35.311	354	194	12	370	717	312	636	2.98e-52	193
FUN_007871-T1	sp|Q13613|MTMR1_HUMAN	31.391	532	313	18	166	687	113	602	1.95e-71	249
FUN_007926-T1	sp|Q8K2C9|HACD3_MOUSE	37.568	370	218	6	4	373	5	361	6.49e-80	248
FUN_007955-T1	sp|O95342|ABCBB_HUMAN	36.481	540	320	8	154	685	136	660	3.91e-95	320
FUN_007994-T1	sp|P51813|BMX_HUMAN	34.848	264	161	4	338	601	410	662	9.79e-47	174
FUN_007994-T2	sp|P51813|BMX_HUMAN	34.848	264	161	4	375	638	410	662	1.52e-46	174
FUN_008006-T1	sp|Q9M0X9|4CLL7_ARATH	43.920	551	279	11	552	1083	2	541	9.72e-138	427
FUN_008015-T1	sp|Q9M0X9|4CLL7_ARATH	34.758	538	328	9	4	526	13	542	1.45e-110	341
FUN_008020-T1	sp|P92958|KIN11_ARATH	43.787	338	178	4	32	362	6	338	4.04e-89	290
FUN_008020-T2	sp|P92958|KIN11_ARATH	43.787	338	178	4	48	378	6	338	1.86e-89	291
FUN_008056-T1	sp|P28288|ABCD3_HUMAN	31.013	632	376	16	5	598	41	650	3.01e-83	273
FUN_008056-T2	sp|P28288|ABCD3_HUMAN	32.510	526	309	12	43	540	143	650	1.93e-78	259
FUN_008075-T1	sp|Q7G192|ALDO2_ARATH	33.478	1383	793	36	9	1335	3	1314	0.0	664
FUN_008075-T2	sp|Q7G192|ALDO2_ARATH	33.478	1383	793	36	9	1335	3	1314	0.0	664
FUN_008081-T1	sp|O54909|RDH16_MOUSE	39.365	315	184	5	15	323	3	316	1.51e-75	234
FUN_008085-T1	sp|Q5U2V5|CRLS1_RAT	51.269	197	96	0	100	296	104	300	7.53e-68	213
FUN_008099-T1	sp|O94806|KPCD3_HUMAN	57.403	824	320	13	14	827	64	866	0.0	942
FUN_008122-T1	sp|P33527|MRP1_HUMAN	33.844	1631	885	29	19	1583	22	1524	0.0	855
FUN_008188-T1	sp|Q99NB1|ACS2L_MOUSE	61.465	628	240	2	46	673	54	679	0.0	809
FUN_008188-T2	sp|Q99NB1|ACS2L_MOUSE	62.500	496	184	2	26	521	186	679	0.0	650
FUN_008190-T1	sp|Q6ZNE5|BAKOR_HUMAN	33.763	465	268	12	23	469	43	485	9.50e-75	243
FUN_008226-T1	sp|Q9XT71|RPE65_CHLAE	33.702	362	210	11	7	340	172	531	2.69e-61	204
FUN_008227-T1	sp|Q91ZQ5|RPE65_MOUSE	36.882	526	296	16	45	542	15	532	3.95e-103	320
FUN_008237-T1	sp|Q06862|ACCC_NOSS1	49.438	445	216	4	51	493	5	442	9.09e-139	428
FUN_008243-T1	sp|P33527|MRP1_HUMAN	38.150	519	309	6	8	518	1009	1523	7.15e-117	377
FUN_008243-T2	sp|P33527|MRP1_HUMAN	34.906	742	414	16	1	682	791	1523	2.18e-134	431
FUN_008261-T1	sp|O54909|RDH16_MOUSE	41.639	305	175	3	16	319	1	303	4.04e-73	228
FUN_008263-T1	sp|Q6UWP7|LCLT1_HUMAN	47.941	340	173	3	8	343	44	383	8.71e-116	342
FUN_008309-T1	sp|A7S4N4|SERIC_NEMVE	28.169	426	261	9	63	452	38	454	6.24e-48	174
FUN_008370-T1	sp|Q16635|TAZ_HUMAN	47.234	235	102	5	266	480	24	256	7.37e-67	215
FUN_008388-T1	sp|Q9Z1N4|BPNT1_RAT	51.803	305	142	4	19	323	8	307	1.62e-110	323
FUN_008406-T1	sp|O54694|SPTC2_CRIGR	67.692	260	84	0	1	260	283	542	5.83e-133	386
FUN_008407-T1	sp|P97363|SPTC2_MOUSE	51.527	262	88	2	70	330	58	281	4.09e-89	277
FUN_008408-T1	sp|P97363|SPTC2_MOUSE	68.789	487	150	2	76	560	53	539	0.0	717
FUN_008427-T1	sp|O45924|ODBA_CAEEL	61.290	372	142	2	5	375	52	422	1.06e-174	493
FUN_008427-T2	sp|O45924|ODBA_CAEEL	63.095	336	122	2	1	335	88	422	2.77e-162	459
FUN_008450-T1	sp|P51813|BMX_HUMAN	36.803	269	147	6	1511	1776	411	659	1.53e-44	173
FUN_008519-T1	sp|Q8BLX4|FUCT1_MOUSE	63.804	326	115	1	6	331	34	356	3.59e-146	416
FUN_008548-T1	sp|Q925J9|MED1_MOUSE	32.903	465	283	12	5	456	73	521	1.67e-67	244
FUN_008551-T1	sp|Q8NCE2|MTMRE_HUMAN	47.351	604	246	15	19	573	36	616	1.13e-170	499
FUN_008588-T1	sp|P28329|CLAT_HUMAN	30.808	594	359	16	60	633	128	689	2.00e-78	265
FUN_008617-T1	sp|Q9NP80|PLPL8_HUMAN	48.284	408	208	3	44	450	357	762	2.17e-139	418
FUN_008661-T1	sp|P51647|AL1A1_RAT	38.703	478	277	9	15	483	24	494	3.92e-98	304
FUN_008702-T1	sp|Q99685|MGLL_HUMAN	45.520	279	149	3	14	291	24	300	1.77e-82	250
FUN_008707-T1	sp|O95180|CAC1H_HUMAN	32.833	600	327	15	610	1177	1273	1828	4.85e-80	293
FUN_008713-T1	sp|Q38997|KIN10_ARATH	39.809	314	175	5	5	313	7	311	6.71e-68	220
FUN_008713-T2	sp|Q38997|KIN10_ARATH	39.809	314	175	5	32	340	7	311	3.86e-67	219
FUN_008758-T2	sp|P51813|BMX_HUMAN	36.207	290	161	7	398	687	406	671	4.26e-51	188
FUN_008795-T1	sp|Q86YJ6|THNS2_HUMAN	29.490	451	290	11	167	611	1	429	5.36e-54	192
FUN_008945-T1	sp|Q8R3I2|MBOA2_MOUSE	37.975	395	226	7	5	389	123	508	9.24e-89	277
FUN_008945-T2	sp|Q8R3I2|MBOA2_MOUSE	35.075	268	163	5	14	279	250	508	9.10e-52	176
FUN_008945-T3	sp|Q3T1J2|MBOA2_RAT	39.899	396	223	6	4	390	64	453	7.34e-96	297
FUN_008946-T1	sp|Q5ZKL6|MBOA2_CHICK	37.924	501	286	5	7	483	10	509	4.12e-116	352
FUN_008993-T1	sp|A7S4N4|SERIC_NEMVE	52.119	472	199	8	1	462	1	455	3.68e-169	483
FUN_008994-T1	sp|Q9VPD3|PTSS_DROME	51.179	424	195	4	8	430	65	477	8.23e-156	453
FUN_009006-T1	sp|Q09137|AAPK2_RAT	34.815	270	162	6	916	1179	16	277	3.21e-44	169
FUN_009006-T2	sp|Q09137|AAPK2_RAT	34.815	270	162	6	738	1001	16	277	3.09e-44	169
FUN_009044-T1	sp|Q6T3U3|NPCL1_RAT	40.245	1307	679	33	32	1280	27	1289	0.0	875
FUN_009044-T2	sp|Q6T3U3|NPCL1_RAT	40.064	1258	652	33	32	1231	27	1240	0.0	857
FUN_009054-T1	sp|Q9Y6A2|CP46A_HUMAN	32.165	485	312	7	23	501	17	490	1.18e-85	272
FUN_009449-T1	sp|Q6NT55|CP4FN_HUMAN	34.719	481	283	13	39	507	63	524	3.92e-81	261
FUN_009450-T1	sp|Q6NT55|CP4FN_HUMAN	37.067	491	272	17	33	508	56	524	5.19e-92	290
FUN_009452-T1	sp|Q6NT55|CP4FN_HUMAN	37.631	287	163	6	2	284	250	524	5.23e-57	191
FUN_009456-T1	sp|Q6NT55|CP4FN_HUMAN	35.873	315	185	7	6	316	221	522	8.79e-58	194
FUN_009456-T2	sp|Q6NT55|CP4FN_HUMAN	35.548	301	178	6	1	297	236	524	4.50e-54	183
FUN_009457-T1	sp|Q9WTN0|GGPPS_MOUSE	65.744	289	99	0	19	307	9	297	2.51e-145	410
FUN_009673-T1	sp|Q8WU67|ABHD3_HUMAN	45.503	378	198	3	17	394	34	403	8.12e-124	363
FUN_009771-T1	sp|P9WNP7|FADB2_MYCTU	42.955	291	155	6	42	329	4	286	2.27e-65	207
FUN_009772-T1	sp|P33121|ACSL1_HUMAN	42.671	307	166	7	20	321	30	331	7.78e-73	238
FUN_009773-T1	sp|P33124|ACSL6_RAT	55.351	271	121	0	1	271	424	694	4.67e-107	325
FUN_009776-T1	sp|P33121|ACSL1_HUMAN	50.150	666	315	10	29	685	36	693	0.0	662
FUN_009776-T2	sp|P33121|ACSL1_HUMAN	49.735	567	268	10	29	586	36	594	0.0	552
FUN_009776-T3	sp|P33121|ACSL1_HUMAN	47.206	519	257	10	29	538	36	546	1.02e-162	479
FUN_009777-T1	sp|P33121|ACSL1_HUMAN	46.781	699	349	8	6	686	3	696	0.0	666
FUN_009778-T1	sp|P41216|ACSL1_MOUSE	47.196	642	331	7	3	640	60	697	0.0	616
FUN_010450-T1	sp|A0A2U1KZS6|NCPR2_ARTAN	50.235	213	104	2	1	211	497	709	1.02e-68	222
FUN_010452-T1	sp|A0A2U1KZS6|NCPR2_ARTAN	54.074	135	60	2	1	133	497	631	7.27e-44	151
FUN_010453-T2	sp|Q5BFT5|NCPR_EMENI	50.000	174	72	4	21	181	63	234	3.80e-46	161
FUN_010519-T1	sp|Q7KQM0|TPIS_PLAF7	44.758	248	136	1	1	247	1	248	1.83e-77	233
FUN_010613-T1	sp|Q99104|MYO5A_MOUSE	36.137	844	429	18	42	847	72	843	1.37e-152	496
FUN_010664-T1	sp|Q86AD9|THIL1_DICDI	32.947	431	245	8	49	471	19	413	4.05e-57	194
FUN_010676-T1	sp|Q09711|NCS1_SCHPO	64.481	183	65	0	1	183	1	183	2.11e-83	244
FUN_010677-T1	sp|Q09711|NCS1_SCHPO	65.027	183	64	0	1	183	1	183	6.70e-86	250
FUN_010678-T1	sp|Q09711|NCS1_SCHPO	62.857	175	65	0	3	177	6	180	3.37e-80	236
FUN_010701-T1	sp|Q8IZF2|AGRF5_HUMAN	26.361	588	369	22	1042	1595	720	1277	6.11e-41	165
FUN_010716-T1	sp|P51813|BMX_HUMAN	39.523	377	216	7	128	496	295	667	2.92e-86	279
FUN_010717-T1	sp|P51813|BMX_HUMAN	42.010	388	210	8	128	505	291	673	6.75e-98	309
FUN_010726-T1	sp|Q17QM4|EPT1_BOVIN	44.474	380	209	1	33	412	6	383	5.17e-104	313
FUN_010726-T2	sp|Q80TA1|EPT1_MOUSE	48.305	236	116	2	33	264	6	239	1.67e-68	218
FUN_010735-T1	sp|P51813|BMX_HUMAN	34.632	462	268	7	64	496	211	667	3.32e-91	292
FUN_010785-T1	sp|Q96MH6|DIESL_HUMAN	49.474	285	140	4	2	286	42	322	1.43e-103	305
FUN_010789-T1	sp|Q9VEG6|PERC_DROME	32.451	567	316	17	55	590	237	767	9.10e-65	228
FUN_010791-T1	sp|Q9VEG6|PERC_DROME	36.273	601	296	24	49	609	229	782	2.12e-83	280
FUN_010792-T1	sp|Q9VEG6|PERC_DROME	35.413	593	315	21	99	666	233	782	1.16e-82	280
FUN_010793-T1	sp|Q9VEG6|PERC_DROME	34.253	616	342	22	51	643	233	808	2.11e-83	279
FUN_010794-T1	sp|Q9VEG6|PERC_DROME	31.798	673	381	23	6	626	162	808	3.20e-84	280
FUN_010795-T1	sp|Q9VEG6|PERC_DROME	34.705	559	315	18	53	587	237	769	2.53e-77	262
FUN_010807-T1	sp|Q9NR19|ACSA_HUMAN	66.370	675	213	6	15	682	29	696	0.0	941
FUN_010831-T1	sp|B8NHE2|FLVG_ASPFN	40.526	380	196	7	36	407	48	405	1.78e-94	291
FUN_010831-T2	sp|B8NHE2|FLVG_ASPFN	40.346	347	177	7	1	339	81	405	1.31e-82	258
FUN_010926-T1	sp|Q9VEG6|PERC_DROME	33.055	599	336	24	55	619	237	804	1.53e-71	246
FUN_010926-T2	sp|Q9VEG6|PERC_DROME	32.289	415	234	16	55	446	237	627	9.16e-44	163
FUN_011048-T1	sp|Q13615|MTMR3_HUMAN	53.422	599	261	6	1	598	1	582	0.0	662
FUN_011307-T1	sp|A0A2U1KZS6|NCPR2_ARTAN	42.285	499	235	13	7	477	158	631	3.12e-118	362
FUN_011417-T1	sp|Q7TNV1|TLC3B_MOUSE	33.725	255	161	3	8	254	6	260	4.02e-44	150
FUN_011686-T1	sp|Q5U2R1|DLP1_RAT	41.499	347	190	4	59	395	50	393	1.78e-81	255
FUN_011845-T1	sp|Q9CA83|MAOP4_ARATH	52.680	541	253	3	61	600	107	645	0.0	593
FUN_011847-T1	sp|P24752|THIL_HUMAN	69.424	399	120	2	38	436	31	427	0.0	573
FUN_011879-T1	sp|Q8N4M1|CTL3_HUMAN	27.653	669	418	20	17	671	27	643	3.72e-71	252
FUN_011912-T1	sp|Q92562|FIG4_HUMAN	46.818	707	328	17	317	996	221	906	0.0	616
FUN_011912-T2	sp|Q92562|FIG4_HUMAN	46.818	707	328	17	76	755	221	906	0.0	616
FUN_011931-T1	sp|Q5XI22|THIC_RAT	61.697	389	149	0	12	400	8	396	1.89e-175	494
FUN_011945-T1	sp|Q9YH18|QKI_CHICK	41.667	324	138	8	7	287	14	329	2.43e-77	238
FUN_011948-T1	sp|Q9C6Z3|ODPB2_ARATH	33.445	299	193	5	3	299	88	382	5.58e-52	176
FUN_011959-T1	sp|Q9X248|FABG_THEMA	38.153	249	145	3	8	255	3	243	3.18e-51	167
FUN_011959-T2	sp|Q9X248|FABG_THEMA	38.189	254	138	4	8	255	3	243	6.93e-50	164
FUN_012022-T1	sp|Q9N126|RDH8_BOVIN	44.800	250	127	5	4	245	6	252	3.81e-58	189
FUN_012024-T1	sp|Q9N126|RDH8_BOVIN	44.656	262	140	3	2	261	4	262	1.82e-65	207
FUN_012024-T2	sp|Q9N126|RDH8_BOVIN	45.489	266	132	4	2	261	4	262	9.62e-66	207
FUN_012049-T1	sp|Q99104|MYO5A_MOUSE	40.561	535	309	5	146	677	71	599	6.55e-121	422
FUN_012182-T1	sp|Q62388|ATM_MOUSE	56.814	565	230	8	1	562	2513	3066	0.0	638
FUN_012184-T1	sp|P05980|PGFS1_BOVIN	44.295	298	161	2	6	298	8	305	4.94e-83	253
FUN_012185-T1	sp|C9JRZ8|AK1BF_HUMAN	45.367	313	164	5	6	315	5	313	1.67e-85	259
FUN_012245-T1	sp|O95822|DCMC_HUMAN	41.882	425	230	7	129	549	73	484	4.11e-109	346
FUN_012265-T1	sp|Q86SQ9|DHDDS_HUMAN	62.409	274	100	2	1	272	1	273	1.28e-123	359
FUN_012295-T1	sp|Q01968|OCRL_HUMAN	46.505	658	327	7	103	741	172	823	0.0	622
FUN_012303-T1	sp|Q9NRZ5|PLCD_HUMAN	36.939	379	232	3	1	376	1	375	2.85e-85	263
FUN_012316-T1	sp|Q6DHR8|NGBR_DANRE	40.976	205	121	0	48	252	70	274	6.62e-56	179
FUN_012317-T1	sp|Q9HUG8|MSBA_PSEAE	31.615	582	320	12	147	692	50	589	6.29e-67	231
FUN_012317-T2	sp|Q9HUG8|MSBA_PSEAE	32.131	582	317	13	26	571	50	589	2.95e-68	232
FUN_012326-T1	sp|Q99104|MYO5A_MOUSE	35.356	857	492	18	6	823	12	845	6.64e-152	500
FUN_012342-T1	sp|Q54V77|PYRG_DICDI	57.692	572	223	8	2	557	1	569	0.0	674
FUN_012363-T1	sp|Q6WAU0|PULR_MENPI	32.249	338	206	9	27	356	19	341	5.37e-46	159
FUN_012430-T1	sp|Q02251|MCAS_MYCBO	26.574	2224	1383	70	890	3023	8	2071	7.52e-165	566
FUN_012442-T1	sp|Q02251|MCAS_MYCBO	26.424	2229	1392	70	905	3045	8	2076	6.83e-167	572
FUN_012457-T1	sp|A5U9F4|PHAS_MYCTA	27.709	1606	1022	45	905	2465	27	1538	3.35e-145	506
FUN_012547-T1	sp|O00628|PEX7_HUMAN	56.311	309	134	1	6	314	12	319	8.39e-130	372
FUN_012547-T2	sp|O00628|PEX7_HUMAN	54.882	297	133	1	5	301	12	307	2.32e-120	347
FUN_012637-T1	sp|Q91V01|MBOA5_MOUSE	39.873	474	264	3	9	474	27	487	5.29e-118	354
FUN_012637-T2	sp|Q91V01|MBOA5_MOUSE	41.458	439	241	2	9	439	27	457	3.38e-117	352
FUN_012638-T1	sp|Q6P1A2|MBOA5_HUMAN	38.723	470	277	3	7	476	27	485	2.71e-114	345
FUN_012640-T1	sp|Q80ZF7|RDH10_RAT	36.364	330	185	1	29	333	1	330	4.63e-74	231
FUN_012640-T2	sp|A1L1W4|RD10A_DANRE	37.218	266	144	2	6	248	63	328	4.26e-58	187
FUN_012670-T1	sp|Q91XC0|AJUBA_MOUSE	41.935	248	136	3	27	269	293	537	1.20e-65	214
FUN_012686-T1	sp|P0C5E4|PTPRQ_MOUSE	37.956	274	152	8	237	507	2004	2262	2.69e-48	181
FUN_012709-T1	sp|Q9JHE4|G3ST1_MOUSE	35.246	366	199	11	49	398	58	401	1.07e-58	198
FUN_012774-T1	sp|O43741|AAKB2_HUMAN	45.000	280	137	3	1	271	1	272	2.09e-77	235
FUN_012776-T1	sp|Q9JHE4|G3ST1_MOUSE	31.805	349	203	8	137	462	65	401	8.37e-46	165
FUN_012794-T1	sp|P33527|MRP1_HUMAN	38.215	874	472	16	18	836	656	1516	0.0	593
FUN_012794-T2	sp|P33527|MRP1_HUMAN	33.358	1361	745	29	18	1266	206	1516	0.0	709
FUN_012871-T1	sp|Q7KQM0|TPIS_PLAF7	44.758	248	136	1	1	247	1	248	1.83e-77	233
FUN_013262-T1	sp|Q0V8L6|PLD2_BOVIN	40.681	499	258	13	25	518	319	784	5.15e-113	355
FUN_013263-T1	sp|Q0V8L6|PLD2_BOVIN	38.594	640	347	17	26	658	319	919	8.77e-134	416
FUN_013287-T1	sp|Q0V8L6|PLD2_BOVIN	37.519	661	357	18	26	679	319	930	4.31e-134	417
FUN_013313-T1	sp|Q0V8L6|PLD2_BOVIN	37.520	629	333	17	69	675	319	909	3.08e-125	394
FUN_013327-T1	sp|Q3B7Z2|OSBP1_MOUSE	43.871	310	154	5	37	328	400	707	1.59e-71	236
FUN_013337-T1	sp|P51813|BMX_HUMAN	37.970	266	155	4	308	572	411	667	2.35e-53	194
FUN_013342-T1	sp|P51813|BMX_HUMAN	35.125	279	157	6	558	832	411	669	6.27e-45	172
FUN_013344-T1	sp|P51813|BMX_HUMAN	38.202	267	157	3	582	848	411	669	2.90e-54	200
FUN_013346-T1	sp|P51813|BMX_HUMAN	36.232	276	158	5	552	826	411	669	5.65e-47	178
FUN_013346-T2	sp|P51813|BMX_HUMAN	36.232	276	158	5	552	826	411	669	5.19e-47	178
FUN_013348-T1	sp|P51813|BMX_HUMAN	36.694	248	139	5	17	263	411	641	5.92e-44	157
FUN_013350-T1	sp|P51813|BMX_HUMAN	38.951	267	151	4	633	895	411	669	1.48e-53	198
FUN_013354-T1	sp|Q9FR53|TOR_ARATH	45.674	1618	742	32	1	1521	904	2481	0.0	1311
FUN_013354-T2	sp|Q9FR53|TOR_ARATH	43.009	2260	1105	44	326	2468	288	2481	0.0	1680
FUN_013354-T3	sp|Q9FR53|TOR_ARATH	44.155	2070	985	40	9	1966	471	2481	0.0	1594
FUN_013383-T1	sp|W6QIT2|MPAF_PENRF	53.271	535	225	6	2	525	4	524	0.0	548
FUN_013388-T1	sp|Q5SUC9|SCO1_MOUSE	58.294	211	86	1	71	281	72	280	1.06e-83	252
FUN_013457-T1	sp|Q99570|PI3R4_HUMAN	45.527	626	275	7	1	569	293	909	3.09e-163	502
FUN_013465-T1	sp|Q99570|PI3R4_HUMAN	68.421	114	34	1	1	112	1	114	5.61e-46	157
FUN_013506-T1	sp|Q99570|PI3R4_HUMAN	66.667	114	36	1	1	112	1	114	7.48e-45	154
FUN_013507-T1	sp|P0C0R5|PI3R4_RAT	62.745	153	48	2	3	155	144	287	5.36e-57	191
FUN_013508-T1	sp|Q99570|PI3R4_HUMAN	67.681	263	82	1	1	260	422	684	1.04e-119	371
FUN_013515-T1	sp|P0C0R5|PI3R4_RAT	67.580	219	66	1	181	394	448	666	9.05e-95	310
FUN_013520-T1	sp|Q99570|PI3R4_HUMAN	50.142	353	104	3	5	285	390	742	1.38e-106	336
FUN_013527-T1	sp|Q99570|PI3R4_HUMAN	63.248	117	41	1	1	115	1	117	3.13e-43	150
FUN_013545-T1	sp|Q99570|PI3R4_HUMAN	51.815	1405	621	16	1	1396	1	1358	0.0	1431
FUN_013545-T2	sp|Q99570|PI3R4_HUMAN	48.865	1013	473	13	3	1008	384	1358	0.0	965
FUN_013644-T1	sp|P12394|CP17A_CHICK	43.723	462	251	4	39	498	40	494	7.16e-134	397
FUN_014449-T1	sp|O95342|ABCBB_HUMAN	35.406	579	349	8	214	774	743	1314	6.96e-103	345
FUN_014473-T1	sp|P17405|ASM_HUMAN	44.138	580	308	12	12	583	52	623	4.15e-159	469
FUN_014506-T1	sp|Q5XHG1|NSMA3_XENLA	33.541	802	435	22	11	750	20	785	1.32e-124	392
FUN_014534-T1	sp|Q86V21|AACS_HUMAN	62.595	655	240	4	10	659	16	670	0.0	879
FUN_014561-T1	sp|Q96S52|PIGS_HUMAN	37.452	526	306	11	22	532	20	537	7.54e-99	310
FUN_014599-T1	sp|Q99MZ3|MLXPL_MOUSE	62.944	197	73	0	44	240	660	856	8.67e-80	256
FUN_014606-T1	sp|O14735|CDIPT_HUMAN	65.644	163	56	0	2	164	3	165	3.01e-74	221
FUN_014610-T1	sp|P27465|PISD_CRIGR	48.476	361	173	3	68	416	49	408	3.03e-117	347
FUN_014618-T1	sp|O88637|PCY2_RAT	60.158	379	133	2	14	374	20	398	1.04e-168	477
FUN_014637-T1	sp|Q54R47|GCDH_DICDI	32.615	371	241	4	41	410	49	411	4.36e-55	187
FUN_014639-T1	sp|Q5SX19|PIGL_MOUSE	51.196	209	98	3	183	387	44	252	1.51e-67	213
FUN_014657-T1	sp|Q9NUQ2|PLCE_HUMAN	45.594	261	138	4	7	267	8	264	4.49e-79	243
FUN_014707-T1	sp|P50897|PPT1_HUMAN	64.835	273	96	0	27	299	33	305	4.61e-137	389
FUN_014708-T1	sp|Q9GV41|PGFS_TRYBB	47.348	264	139	0	51	314	1	264	2.85e-91	273
FUN_014708-T2	sp|Q9GV41|PGFS_TRYBB	47.348	264	139	0	59	322	1	264	8.97e-91	272
FUN_014733-T1	sp|Q66HG5|TM9S2_RAT	44.371	604	301	9	1	576	67	663	2.37e-180	523
FUN_014750-T1	sp|Q0VC00|ABHD3_BOVIN	29.581	382	244	9	40	407	36	406	1.61e-48	170
FUN_014803-T1	sp|Q9VEG6|PERC_DROME	35.880	602	323	22	737	1305	237	808	8.32e-95	325
FUN_014806-T1	sp|Q2YDR3|IMPA3_DANRE	46.243	346	166	8	1	339	1	333	3.35e-97	291
FUN_014809-T1	sp|Q3LFU0|CP1A1_BALAC	33.745	486	286	11	210	678	37	503	3.15e-81	266
FUN_014928-T1	sp|Q15735|PI5PA_HUMAN	35.402	435	249	11	3	417	423	845	2.60e-75	253
FUN_014939-T1	sp|Q38997|KIN10_ARATH	36.879	282	161	5	16	291	3	273	5.05e-51	179
FUN_014951-T1	sp|Q8IVW8|SPNS2_HUMAN	45.890	438	221	4	53	483	107	535	1.11e-125	379
FUN_014980-T1	sp|P51575|P2RX1_HUMAN	41.645	389	208	6	6	393	4	374	1.39e-104	314
FUN_014980-T2	sp|P51575|P2RX1_HUMAN	38.400	375	208	7	65	438	47	399	3.89e-88	273
FUN_014980-T3	sp|P51575|P2RX1_HUMAN	39.713	418	229	7	6	422	4	399	8.94e-106	318
FUN_014987-T1	sp|O14874|BCKD_HUMAN	55.707	368	157	4	36	402	50	412	9.84e-141	407
FUN_014992-T1	sp|O65202|ACOX1_ARATH	31.050	686	422	14	35	707	11	658	4.97e-95	308
FUN_014992-T2	sp|O65202|ACOX1_ARATH	32.006	653	393	14	35	674	11	625	2.47e-93	302
FUN_014995-T1	sp|Q99104|MYO5A_MOUSE	35.520	808	445	16	8	759	69	856	1.06e-148	485
FUN_014995-T2	sp|Q99104|MYO5A_MOUSE	35.396	808	446	16	8	759	69	856	6.28e-151	484
FUN_015008-T1	sp|Q9UMS4|PRP19_HUMAN	72.299	509	130	5	1	504	1	503	0.0	753
FUN_015022-T1	sp|A0A2U1LIM9|NCPR1_ARTAN	31.187	699	363	23	748	1419	97	704	4.86e-82	285
FUN_015036-T1	sp|O00562|PITM1_HUMAN	42.966	1315	613	30	1	1283	1	1210	0.0	973
FUN_015041-T1	sp|P47824|P2RX1_RAT	39.527	296	154	7	7	298	3	277	1.31e-75	236
FUN_015042-T1	sp|P22059|OSBP1_HUMAN	61.165	412	150	4	451	859	403	807	3.50e-162	492
FUN_015069-T1	sp|Q38997|KIN10_ARATH	40.149	269	149	5	184	451	13	270	3.17e-58	201
FUN_015072-T1	sp|P56434|FUT6_PANTR	35.216	301	170	10	59	354	59	339	7.46e-44	155
FUN_015074-T1	sp|P56434|FUT6_PANTR	36.577	298	170	9	406	701	59	339	1.65e-46	169
FUN_015075-T1	sp|Q659K9|FUT4_PANTR	37.891	256	140	8	16	262	282	527	4.73e-44	156
FUN_015076-T1	sp|Q9GKU6|FUT6_PONPY	31.118	331	206	9	29	354	34	347	5.36e-43	153
FUN_015084-T1	sp|P56434|FUT6_PANTR	35.484	310	180	8	70	374	53	347	3.55e-47	171
FUN_015099-T1	sp|P97943|SCRB1_RAT	31.416	452	274	8	24	470	22	442	2.89e-73	241
FUN_015226-T1	sp|Q5E9T8|KIME_BOVIN	41.728	405	202	6	9	410	9	382	4.05e-88	272
FUN_015276-T1	sp|A0A2U1LIM9|NCPR1_ARTAN	31.522	644	380	21	478	1096	97	704	5.55e-78	270
FUN_015282-T1	sp|P33527|MRP1_HUMAN	36.437	870	496	15	514	1331	661	1525	1.16e-167	540
FUN_015284-T1	sp|P33527|MRP1_HUMAN	35.452	897	501	16	514	1359	661	1530	7.21e-162	525
FUN_015287-T1	sp|P33527|MRP1_HUMAN	35.599	309	157	6	207	473	661	969	8.81e-53	192
FUN_015288-T1	sp|P33527|MRP1_HUMAN	36.397	544	336	7	2	537	990	1531	3.14e-109	356
FUN_015290-T1	sp|P33527|MRP1_HUMAN	35.328	869	507	12	228	1045	661	1525	1.08e-168	535
FUN_015351-T1	sp|P38571|LICH_HUMAN	44.504	373	152	4	51	372	29	397	4.29e-104	311
FUN_015352-T1	sp|P38571|LICH_HUMAN	51.882	372	172	3	41	411	31	396	2.27e-135	393
FUN_015353-T1	sp|Q64194|LICH_RAT	41.379	174	101	1	1	173	221	394	2.48e-48	160
FUN_015354-T1	sp|P38571|LICH_HUMAN	56.701	194	80	1	55	248	29	218	8.07e-76	235
FUN_015356-T1	sp|P38571|LICH_HUMAN	46.782	404	204	6	1	401	1	396	2.62e-127	372
FUN_015443-T1	sp|A7S4N4|SERIC_NEMVE	60.526	456	167	4	1	443	1	456	0.0	575
FUN_015447-T1	sp|P15257|HNF1A_RAT	49.828	291	131	4	1	283	1	284	2.07e-87	285
FUN_015486-T1	sp|P33527|MRP1_HUMAN	32.355	1363	779	24	9	1276	209	1523	0.0	671
FUN_015487-T1	sp|P33527|MRP1_HUMAN	32.770	1361	778	25	9	1278	209	1523	0.0	674
FUN_015978-T1	sp|Q9ZPI6|AIM1_ARATH	34.250	727	433	15	43	756	7	701	1.14e-100	326
FUN_015998-T1	sp|P51813|BMX_HUMAN	37.354	257	155	3	439	693	410	662	2.92e-53	198
FUN_016053-T1	sp|P07314|GGT1_RAT	44.784	556	280	7	66	618	37	568	1.99e-162	476
FUN_016056-T1	sp|P07314|GGT1_RAT	41.815	562	306	12	32	588	22	567	1.36e-141	422
FUN_016060-T1	sp|P07314|GGT1_RAT	41.943	453	249	9	46	496	127	567	5.76e-115	350
FUN_016061-T1	sp|P07314|GGT1_RAT	41.053	570	309	12	21	584	19	567	1.18e-141	422
FUN_016062-T1	sp|P07314|GGT1_RAT	41.516	554	303	11	34	579	27	567	4.32e-140	417
FUN_016063-T1	sp|P07314|GGT1_RAT	40.175	570	314	12	68	631	19	567	6.99e-138	414
FUN_016064-T1	sp|P19440|GGT1_HUMAN	42.066	542	301	8	38	577	38	568	5.28e-146	432
FUN_016065-T1	sp|P07314|GGT1_RAT	41.506	571	309	12	29	597	20	567	7.62e-145	430
FUN_016105-T1	sp|P07314|GGT1_RAT	46.364	550	285	7	76	623	27	568	8.73e-160	469
FUN_016105-T2	sp|P07314|GGT1_RAT	48.268	462	231	6	76	535	27	482	1.25e-141	420
FUN_016106-T1	sp|P07314|GGT1_RAT	45.355	549	290	8	76	621	27	568	2.20e-160	471
FUN_016110-T1	sp|Q9QYF3|MYO5A_RAT	27.162	1145	674	33	496	1589	64	1099	9.19e-84	306
FUN_016110-T2	sp|Q9QYF3|MYO5A_RAT	27.162	1145	674	33	516	1609	64	1099	7.94e-84	306
FUN_016198-T1	sp|A0FI79|INP5E_PANTR	54.400	125	57	0	57	181	497	621	4.81e-41	146
FUN_016205-T1	sp|P36898|BMR1B_MOUSE	57.249	269	112	2	20	288	196	461	8.20e-105	315
FUN_016296-T1	sp|Q9ESR9|ABCA2_RAT	41.423	717	368	10	183	856	616	1323	4.02e-165	560
FUN_016368-T1	sp|Q9QYF3|MYO5A_RAT	35.065	924	512	28	26	912	42	914	5.73e-149	493
FUN_016368-T2	sp|Q9QYF3|MYO5A_RAT	35.065	924	512	28	330	1216	42	914	4.72e-147	491
FUN_016402-T1	sp|Q9Y2I7|FYV1_HUMAN	44.509	519	249	8	1941	2456	1613	2095	5.18e-119	421
FUN_016408-T1	sp|Q38997|KIN10_ARATH	37.405	262	157	3	139	399	16	271	1.56e-49	176
FUN_016428-T1	sp|P13217|PIPA_DROME	44.586	471	249	5	8	467	7	476	2.88e-124	415
FUN_016432-T1	sp|P13217|PIPA_DROME	53.550	493	204	5	1	471	351	840	1.18e-173	531
FUN_016432-T2	sp|P13217|PIPA_DROME	53.846	546	227	5	1	524	303	845	0.0	592
FUN_016439-T1	sp|Q5RDX2|SOCS4_PONAB	55.696	158	70	0	272	429	272	429	2.03e-58	197
FUN_016444-T1	sp|O93344|AL1A2_CHICK	32.377	488	307	11	36	512	35	510	4.26e-68	228
FUN_016484-T1	sp|Q9LD45|BI1_ARATH	40.948	232	130	4	2	231	9	235	1.58e-42	144
FUN_016486-T1	sp|Q9UNQ0|ABCG2_HUMAN	48.722	626	296	7	57	664	35	653	0.0	608
FUN_016496-T1	sp|Q5RFE6|THNS2_PONAB	49.474	475	233	4	1	469	1	474	2.15e-166	478
FUN_016508-T1	sp|P16232|DHI1_RAT	42.913	254	135	6	16	266	8	254	3.64e-59	190
FUN_016587-T1	sp|Q0DXS3|RDR1_ORYSJ	34.363	518	296	12	85	589	65	551	1.65e-70	252
FUN_016636-T1	sp|P36898|BMR1B_MOUSE	58.602	372	149	2	1	370	134	502	2.22e-155	446
FUN_016636-T2	sp|P36898|BMR1B_MOUSE	50.000	500	215	8	24	511	26	502	7.41e-163	471
FUN_016636-T3	sp|P36898|BMR1B_MOUSE	53.901	423	165	5	2	416	102	502	1.02e-155	449
FUN_016651-T1	sp|Q9VEG6|PERC_DROME	34.264	537	280	16	835	1322	225	737	5.70e-66	239
FUN_016719-T1	sp|P36898|BMR1B_MOUSE	56.044	273	117	2	63	335	192	461	4.92e-99	306
FUN_016720-T1	sp|P36898|BMR1B_MOUSE	35.992	489	271	18	43	506	23	494	2.53e-83	267
FUN_016722-T1	sp|P48630|FD6E1_SOYBN	49.866	373	177	3	3	367	16	386	8.62e-126	366
FUN_016723-T1	sp|P48630|FD6E1_SOYBN	50.980	357	170	2	3	356	16	370	3.10e-124	365
FUN_016801-T1	sp|Q9UMZ3|PTPRQ_HUMAN	27.797	885	544	34	168	1032	557	1366	9.98e-56	213
FUN_016840-T1	sp|O88488|PTPRQ_RAT	28.609	762	465	28	7	750	537	1237	4.90e-55	206
FUN_017756-T1	sp|P58195|PLS1_RAT	62.979	235	87	0	26	260	93	327	2.34e-103	303
FUN_017854-T1	sp|Q64676|CGT_MOUSE	31.743	482	303	9	37	502	39	510	1.29e-85	273
FUN_017858-T1	sp|P60484|PTEN_HUMAN	35.452	299	187	5	168	464	5	299	5.56e-49	174
FUN_017872-T1	sp|Q16880|CGT_HUMAN	30.801	487	316	7	18	491	18	496	7.20e-82	264
FUN_017919-T1	sp|O88488|PTPRQ_RAT	26.580	1076	651	45	259	1284	538	1524	3.34e-46	183
FUN_017955-T1	sp|Q58DN7|ACSF3_BOVIN	51.292	542	244	8	48	574	44	580	0.0	540
FUN_018035-T1	sp|Q5R977|HYCC2_PONAB	37.319	276	150	7	25	297	31	286	1.19e-43	160
FUN_018035-T2	sp|Q6P121|HYCCI_DANRE	35.644	303	169	7	1	297	4	286	1.14e-44	162
FUN_018092-T1	sp|Q8NCC3|PAG15_HUMAN	36.615	325	196	5	1	323	94	410	3.23e-78	244
FUN_018123-T1	sp|Q8NCC3|PAG15_HUMAN	42.480	379	209	5	39	415	39	410	1.35e-108	325
FUN_018139-T1	sp|Q14457|BECN1_HUMAN	57.310	342	142	3	9	347	11	351	5.03e-123	360
FUN_018398-T1	sp|Q06142|IMB1_YEAST	33.296	883	542	21	3	869	6	857	1.92e-147	456
FUN_018528-T1	sp|O88488|PTPRQ_RAT	29.291	536	332	19	890	1416	581	1078	9.14e-45	179
FUN_018528-T2	sp|O88488|PTPRQ_RAT	29.167	552	343	20	874	1416	566	1078	1.32e-44	177
FUN_019139-T1	sp|Q64323|PIGA_MOUSE	62.472	445	165	2	6	449	35	478	0.0	563
FUN_019139-T2	sp|P37287|PIGA_HUMAN	63.318	428	154	3	6	432	35	460	0.0	557
FUN_019141-T1	sp|Q9GUM2|BRE4_CAEEL	45.247	263	138	2	132	393	111	368	2.47e-82	256
FUN_019559-T1	sp|O16025|AOSL_PLEHO	26.000	500	308	11	149	619	597	1063	1.56e-48	182
FUN_019559-T2	sp|O16025|AOSL_PLEHO	27.092	502	299	12	135	604	597	1063	1.73e-49	184
FUN_019559-T3	sp|O16025|AOSL_PLEHO	26.000	500	308	11	149	619	597	1063	1.56e-48	182
FUN_019559-T4	sp|P09917|LOX5_HUMAN	27.686	484	301	11	149	619	225	672	1.81e-49	182
FUN_019739-T1	sp|P51813|BMX_HUMAN	34.364	291	163	7	22	311	410	673	2.17e-42	155
FUN_020838-T1	sp|Q99104|MYO5A_MOUSE	33.531	507	296	10	2	480	313	806	8.20e-75	271
FUN_021108-T1	sp|Q2KJG8|BCKD_BOVIN	34.848	330	182	10	41	353	88	401	9.69e-51	175
FUN_021112-T1	sp|O65202|ACOX1_ARATH	27.937	630	394	21	48	637	7	616	2.65e-61	216
FUN_021608-T1	sp|Q28CZ7|ISPD_XENTR	53.333	240	107	1	20	254	14	253	1.70e-89	277
FUN_022000-T1	sp|Q9UNQ0|ABCG2_HUMAN	32.949	607	355	14	100	671	61	650	2.34e-92	299
FUN_022000-T2	sp|Q9UNQ0|ABCG2_HUMAN	33.704	540	314	10	100	609	61	586	9.41e-90	291
FUN_022000-T3	sp|Q9UNQ0|ABCG2_HUMAN	32.236	577	340	13	1	542	90	650	1.04e-83	273
FUN_022012-T1	sp|Q9UNQ0|ABCG2_HUMAN	35.541	619	322	23	96	666	60	649	1.84e-91	297
FUN_022012-T2	sp|Q9UNQ0|ABCG2_HUMAN	35.165	455	256	11	5	431	82	525	1.10e-73	243
FUN_022012-T3	sp|Q9UNQ0|ABCG2_HUMAN	35.363	509	274	18	96	571	60	546	5.60e-76	254
FUN_022013-T1	sp|Q9UNQ0|ABCG2_HUMAN	35.149	606	342	17	95	669	23	608	2.63e-95	308
FUN_022044-T1	sp|Q33DR2|DPS1_MOUSE	57.895	323	136	0	106	428	87	409	6.05e-134	390
FUN_022049-T1	sp|Q38997|KIN10_ARATH	38.351	279	154	7	468	738	5	273	3.49e-52	189
FUN_022205-T1	sp|P09917|LOX5_HUMAN	32.662	447	273	9	10	436	2	440	5.56e-73	243
FUN_022235-T1	sp|Q8L3X9|KASM_ARATH	52.742	383	160	3	31	397	29	406	1.85e-137	400
FUN_022235-T2	sp|Q9NWU1|OXSM_HUMAN	53.791	422	189	3	32	453	41	456	1.61e-159	458
FUN_022248-T1	sp|Q92506|DHB8_HUMAN	57.200	250	100	3	12	255	13	261	6.87e-94	276
FUN_022267-T1	sp|Q99104|MYO5A_MOUSE	35.142	424	229	10	1	395	407	813	8.01e-65	232
FUN_022268-T1	sp|Q99104|MYO5A_MOUSE	37.647	340	207	3	10	348	70	405	7.01e-69	234
FUN_022364-T1	sp|P51813|BMX_HUMAN	32.781	302	173	7	306	605	401	674	4.93e-47	176
FUN_022444-T1	sp|P08684|CP3A4_HUMAN	37.317	477	285	8	35	504	26	495	3.25e-99	307
FUN_022445-T1	sp|P08684|CP3A4_HUMAN	40.252	477	271	7	40	509	26	495	3.40e-114	346
FUN_022446-T1	sp|P08684|CP3A4_HUMAN	40.000	475	274	6	35	503	26	495	6.46e-113	343
FUN_022527-T1	sp|Q05609|CTR1_ARATH	37.786	262	144	5	10	255	550	808	1.55e-47	182
FUN_022532-T1	sp|P0C5E4|PTPRQ_MOUSE	27.489	1135	682	41	485	1582	507	1537	6.74e-75	276
FUN_022580-T1	sp|Q9Y5U4|INSI2_HUMAN	40.969	227	129	1	11	237	4	225	2.24e-63	196
FUN_022589-T1	sp|P48426|PI42A_HUMAN	50.334	449	166	8	1	447	12	405	1.09e-133	390
FUN_022589-T2	sp|Q9R0I8|PI42A_RAT	56.000	325	135	4	1	324	12	329	2.12e-123	361
FUN_022606-T1	sp|Q14849|STAR3_HUMAN	31.894	417	256	8	29	437	44	440	1.22e-55	190
FUN_022609-T1	sp|Q14849|STAR3_HUMAN	33.981	412	252	8	29	435	44	440	1.99e-67	221
FUN_022637-T1	sp|Q6DJM2|TAM41_XENLA	47.368	323	165	3	34	353	15	335	3.72e-99	297
FUN_022654-T1	sp|Q64676|CGT_MOUSE	32.755	461	298	7	4	456	45	501	1.63e-87	277
FUN_022664-T1	sp|P28329|CLAT_HUMAN	31.384	513	325	12	12	504	128	633	2.60e-69	236
FUN_022664-T2	sp|P28329|CLAT_HUMAN	31.614	601	380	14	43	622	131	721	4.15e-83	276
FUN_022670-T1	sp|Q99104|MYO5A_MOUSE	36.000	850	480	17	18	835	66	883	3.56e-153	500
FUN_022771-T1	sp|P49442|INPP_MOUSE	40.253	395	205	10	39	419	8	385	4.63e-84	262
FUN_022806-T1	sp|P17178|CP27A_RAT	32.996	494	312	8	35	526	57	533	1.81e-94	297
FUN_022876-T1	sp|Q5SNQ7|SRAC1_DANRE	45.021	482	252	5	157	630	176	652	9.76e-136	411
FUN_022883-T1	sp|Q09711|NCS1_SCHPO	41.111	180	105	1	93	272	11	189	9.38e-47	165
FUN_022915-T1	sp|A2A3N6|PIPSL_HUMAN	55.615	374	148	8	3	372	488	847	8.62e-112	346
FUN_022926-T1	sp|P33897|ABCD1_HUMAN	58.098	673	265	4	60	723	58	722	0.0	802
FUN_022926-T2	sp|P33897|ABCD1_HUMAN	53.467	548	238	4	60	598	58	597	0.0	580
FUN_022936-T1	sp|O29352|DAPA_ARCFU	33.677	291	183	7	69	357	4	286	3.22e-45	156
FUN_022937-T1	sp|P78368|KC1G2_HUMAN	49.541	327	157	2	12	336	40	360	3.85e-113	334
FUN_022978-T1	sp|Q9N1F2|FLVC1_FELCA	30.607	379	243	6	53	417	107	479	8.24e-47	170
FUN_023000-T1	sp|P51813|BMX_HUMAN	39.726	292	146	7	481	770	410	673	7.62e-53	196
FUN_023054-T1	sp|Q9BPW9|DHRS9_HUMAN	45.324	278	143	6	15	286	11	285	6.64e-75	232
FUN_023054-T2	sp|Q9BPW9|DHRS9_HUMAN	45.752	306	160	6	21	324	7	308	8.85e-84	255
FUN_023055-T1	sp|O54909|RDH16_MOUSE	43.408	311	168	6	1	308	1	306	1.60e-72	226
FUN_023059-T1	sp|O54909|RDH16_MOUSE	43.130	262	145	3	2	260	53	313	3.74e-66	207
FUN_023061-T1	sp|O54909|RDH16_MOUSE	42.997	307	169	4	13	314	1	306	3.60e-80	246
FUN_023082-T1	sp|Q9VLA1|B3G2S_DROME	38.565	223	127	4	86	307	129	342	9.97e-52	175
FUN_023082-T2	sp|Q9VLA1|B3G2S_DROME	40.426	235	130	4	88	321	129	354	5.54e-58	192
FUN_023153-T1	sp|Q9Y2H2|SAC2_HUMAN	48.780	779	365	9	1	757	1	767	0.0	726
FUN_023182-T1	sp|A7S4N4|SERIC_NEMVE	37.847	288	163	7	11	291	176	454	3.54e-58	193
FUN_023217-T1	sp|Q9FR44|PEAM1_ARATH	55.469	256	113	1	8	263	237	491	1.00e-96	291
FUN_023220-T1	sp|Q5ZLL8|GPAT3_CHICK	49.065	428	208	3	1	422	7	430	2.05e-157	451
FUN_023246-T1	sp|Q99J47|DRS7B_MOUSE	37.438	203	121	1	20	222	54	250	2.72e-41	145
FUN_023311-T1	sp|P0C5E4|PTPRQ_MOUSE	30.593	742	455	25	85	813	536	1230	1.15e-66	248
FUN_023379-T1	sp|P08684|CP3A4_HUMAN	36.017	472	287	7	45	507	34	499	3.14e-102	315
FUN_023419-T1	sp|Q8N9I5|FADS6_HUMAN	45.758	330	172	4	28	353	30	356	3.23e-97	292
FUN_023419-T2	sp|Q8N9I5|FADS6_HUMAN	45.758	330	172	4	80	405	30	356	1.16e-96	292
FUN_023647-T1	sp|Q9UMR5|PPT2_HUMAN	48.364	275	134	4	19	293	36	302	1.25e-92	276
FUN_023676-T1	sp|A5A6P2|ASAH1_PANTR	37.176	347	185	10	27	348	48	386	2.60e-64	208
FUN_023694-T1	sp|Q28G26|P4K2B_XENTR	61.290	434	145	4	46	456	57	490	0.0	540
FUN_023961-T1	sp|P51813|BMX_HUMAN	37.407	270	152	5	535	804	410	662	4.77e-54	199
FUN_023981-T1	sp|O95342|ABCBB_HUMAN	47.059	1326	645	11	56	1351	16	1314	0.0	1183
FUN_024001-T1	sp|Q05609|CTR1_ARATH	33.333	363	207	13	339	685	476	819	2.99e-43	167
FUN_024035-T1	sp|W6QIT2|MPAF_PENRF	56.566	495	198	5	2	485	36	524	0.0	553
FUN_024035-T2	sp|W6QIT2|MPAF_PENRF	55.620	516	207	7	14	516	18	524	0.0	556
FUN_024035-T3	sp|W6QIT2|MPAF_PENRF	57.363	455	177	5	1	444	76	524	2.80e-180	513
FUN_024069-T1	sp|P33527|MRP1_HUMAN	35.329	1336	762	18	12	1266	209	1523	0.0	767
FUN_024069-T2	sp|P33527|MRP1_HUMAN	35.554	1336	759	19	12	1266	209	1523	0.0	769
FUN_024127-T1	sp|Q8N5I4|DHRSX_HUMAN	44.860	321	174	2	2	319	7	327	1.03e-87	265
FUN_024128-T1	sp|Q8N5I4|DHRSX_HUMAN	46.528	288	154	0	42	329	38	325	4.89e-84	256
FUN_024133-T1	sp|P97943|SCRB1_RAT	33.333	474	288	11	1	473	1	447	7.99e-77	250
FUN_024136-T1	sp|P92958|KIN11_ARATH	33.121	314	195	7	2	308	5	310	6.50e-47	176
FUN_024136-T2	sp|P92958|KIN11_ARATH	33.121	314	195	7	2	308	5	310	7.42e-48	176
FUN_024139-T1	sp|P97943|SCRB1_RAT	32.326	430	272	8	42	470	35	446	4.65e-67	224
FUN_024216-T1	sp|Q9Y216|MTMR7_HUMAN	56.952	525	218	4	1	518	1	524	0.0	649
FUN_024219-T1	sp|Q5RED7|AGK_PONAB	37.592	407	225	9	1	396	22	410	2.14e-79	250
FUN_024339-T1	sp|Q96H96|COQ2_HUMAN	68.027	294	94	0	95	388	58	351	6.79e-143	410
FUN_024385-T1	sp|Q4WR83|SIDI_ASPFU	39.394	561	316	7	48	596	23	571	1.26e-134	405
FUN_024387-T1	sp|Q4WR83|SIDI_ASPFU	44.444	387	202	4	2	376	186	571	4.97e-112	338
FUN_024414-T1	sp|O02691|HCD2_BOVIN	64.062	256	89	2	3	256	7	261	2.71e-116	333
FUN_024459-T1	sp|P30437|CP17A_ONCMY	34.855	482	304	5	25	503	29	503	6.50e-93	291
FUN_024556-T1	sp|Q96IV6|FXDC2_HUMAN	52.412	311	147	1	45	355	22	331	9.34e-123	356
FUN_024724-T1	sp|Q9EPW0|INP4A_MOUSE	37.472	902	470	16	171	983	40	936	0.0	566
FUN_025256-T1	sp|P56434|FUT6_PANTR	35.793	271	155	8	109	373	90	347	4.77e-41	148
FUN_025266-T1	sp|O86422|UDG_PSEAE	33.333	468	272	12	7	462	3	442	3.05e-75	243
FUN_025315-T1	sp|Q62148|AL1A2_MOUSE	29.851	469	270	13	86	525	58	496	5.29e-43	160
FUN_025319-T1	sp|P78368|KC1G2_HUMAN	55.667	300	126	3	5	299	32	329	1.88e-113	334
FUN_025502-T1	sp|Q04791|SASB_ANAPL	34.599	474	265	15	1	464	118	556	3.16e-72	238
FUN_025512-T1	sp|P24392|PEX2_RAT	48.101	158	76	3	5	159	145	299	2.08e-46	152
FUN_025514-T1	sp|P24392|PEX2_RAT	38.384	198	115	2	3	194	5	201	3.45e-42	143
FUN_025518-T1	sp|Q7YU24|MARF_DROME	43.596	773	384	13	13	762	59	802	0.0	622
FUN_025575-T1	sp|Q92113|CP17A_SQUAC	33.540	483	306	8	38	512	25	500	8.58e-90	283
FUN_025577-T1	sp|P12394|CP17A_CHICK	36.468	436	251	6	1	424	80	501	6.23e-89	278
FUN_025581-T1	sp|P06787|CALM_YEAST	59.864	147	58	1	1	147	1	146	1.93e-65	195
FUN_025610-T1	sp|P51813|BMX_HUMAN	35.907	259	158	4	550	807	423	674	3.07e-46	176
FUN_025629-T1	sp|P16885|PLCG2_HUMAN	36.164	365	169	11	8	325	142	489	1.15e-51	194
FUN_025640-T1	sp|Q64559|BACH_RAT	53.687	339	139	6	26	362	55	377	3.17e-119	349
FUN_025651-T1	sp|Q8BTI9|PK3CB_MOUSE	45.783	1079	530	19	1	1042	1	1061	0.0	934
FUN_025682-T1	sp|Q9VEG6|PERC_DROME	32.203	590	343	20	510	1060	237	808	5.22e-75	266
FUN_025750-T1	sp|Q9SCX9|GPDA1_ARATH	41.476	393	180	6	3	390	53	400	6.38e-99	299
FUN_025750-T2	sp|Q9SCX9|GPDA1_ARATH	46.291	337	174	5	42	373	66	400	1.19e-99	300
FUN_025808-T1	sp|P22045|PGFS_LEIMA	43.772	281	146	5	6	285	10	279	1.10e-73	227
FUN_025823-T1	sp|Q2TCH3|ACLY_SHEEP	69.746	1104	316	5	1	1091	1	1099	0.0	1628
FUN_025824-T1	sp|Q15139|KPCD1_HUMAN	34.545	275	165	7	10	281	577	839	4.26e-43	158
FUN_025835-T1	sp|P05183|CP3A2_RAT	36.025	483	287	9	1	471	25	497	9.54e-99	305
FUN_025842-T1	sp|Q91WG5|AAKG2_MOUSE	61.146	314	122	0	188	501	246	559	9.31e-136	403
FUN_025976-T1	sp|P36898|BMR1B_MOUSE	35.786	299	180	9	202	496	204	494	1.72e-48	175
FUN_025980-T1	sp|P54965|CBH_CLOPE	33.540	322	185	13	22	332	2	305	1.47e-43	153
FUN_025988-T1	sp|P36898|BMR1B_MOUSE	35.730	459	237	15	53	480	30	461	2.33e-71	234
FUN_026034-T1	sp|O88488|PTPRQ_RAT	37.023	262	145	7	614	866	2010	2260	1.57e-46	181
FUN_026037-T1	sp|P16152|CBR1_HUMAN	44.964	278	141	5	4	276	7	277	5.20e-82	247
FUN_026049-T1	sp|Q04791|SASB_ANAPL	32.438	521	303	17	13	514	58	548	8.94e-72	239
FUN_026051-T1	sp|P23141|EST1_HUMAN	34.242	587	316	21	5	560	6	553	1.26e-81	267
FUN_026080-T1	sp|P16152|CBR1_HUMAN	62.545	275	100	2	2	273	3	277	9.81e-125	355
FUN_026090-T1	sp|Q9HUG8|MSBA_PSEAE	36.385	426	259	8	447	865	169	589	1.57e-74	255
FUN_026108-T1	sp|Q9QYF3|MYO5A_RAT	37.855	811	442	12	64	818	70	874	9.71e-167	555
FUN_026159-T1	sp|P23141|EST1_HUMAN	35.443	553	300	18	23	550	33	553	4.79e-90	288
FUN_026159-T2	sp|P23141|EST1_HUMAN	35.636	550	305	16	23	552	33	553	1.40e-86	279
FUN_026160-T1	sp|P23141|EST1_HUMAN	33.333	561	315	16	8	535	25	559	7.75e-83	269
FUN_026161-T1	sp|Q04791|SASB_ANAPL	32.702	581	348	19	1	564	1	555	9.77e-74	245
FUN_026297-T1	sp|Q38997|KIN10_ARATH	36.260	262	154	6	68	324	19	272	2.06e-44	166
FUN_026297-T3	sp|Q38997|KIN10_ARATH	36.260	262	154	6	51	307	19	272	1.54e-44	166
FUN_026297-T4	sp|Q38997|KIN10_ARATH	36.260	262	154	6	36	292	19	272	1.19e-44	167
FUN_026393-T1	sp|Q6NS52|DGKB_MOUSE	56.536	306	109	3	1	283	307	611	8.63e-118	355
FUN_026394-T1	sp|Q9Y6T7|DGKB_HUMAN	55.603	232	84	4	234	453	84	308	1.03e-79	263
FUN_026422-T1	sp|Q0VFE3|PGAP3_XENTR	44.966	298	159	2	21	314	5	301	1.41e-85	259
FUN_026422-T2	sp|Q0VFE3|PGAP3_XENTR	43.169	183	99	2	21	199	5	186	1.01e-46	155
FUN_026422-T3	sp|A8WFS8|PGAP3_DANRE	42.791	215	118	2	30	240	15	228	5.86e-58	186
FUN_026484-T1	sp|Q6ZMG9|CERS6_HUMAN	42.216	334	191	2	12	343	7	340	9.53e-90	274
FUN_026486-T1	sp|Q8N138|ORML3_HUMAN	59.028	144	58	1	11	154	11	153	1.54e-62	188
FUN_026628-T1	sp|Q86VD9|PIGZ_HUMAN	33.630	562	317	14	7	547	34	560	1.14e-75	251
FUN_026897-T1	sp|P0A9U8|YDIO_ECOLI	30.564	337	227	5	80	414	40	371	1.58e-42	153
FUN_026909-T1	sp|Q75T13|PGAP1_HUMAN	30.367	899	515	28	14	851	11	859	1.34e-123	395
FUN_026917-T1	sp|Q9C5X8|MOCOS_ARATH	35.238	840	428	21	10	827	4	749	1.46e-157	480
FUN_026927-T1	sp|Q91X34|BAAT_MOUSE	39.723	433	226	10	23	442	2	412	1.65e-83	262
FUN_026972-T1	sp|Q91X34|BAAT_MOUSE	38.372	430	234	10	23	441	2	411	6.85e-82	258
FUN_026983-T1	sp|Q5SPP5|EFR3B_DANRE	40.727	825	452	11	3	807	9	816	0.0	596
FUN_027127-T1	sp|Q8K245|UVRAG_MOUSE	43.297	455	224	11	8	452	28	458	1.92e-105	338
FUN_027127-T2	sp|Q8K245|UVRAG_MOUSE	49.339	227	104	4	2	224	239	458	6.15e-58	205
FUN_027211-T1	sp|P33527|MRP1_HUMAN	46.661	1258	603	13	36	1234	282	1530	0.0	1120
FUN_027211-T2	sp|P33527|MRP1_HUMAN	45.333	1350	654	13	50	1343	209	1530	0.0	1169
FUN_027215-T1	sp|P33527|MRP1_HUMAN	51.221	1351	587	14	44	1349	207	1530	0.0	1348
FUN_027789-T1	sp|P51813|BMX_HUMAN	37.410	278	149	7	94	371	410	662	5.63e-57	197
FUN_027802-T1	sp|P51813|BMX_HUMAN	33.333	291	167	8	60	349	410	674	9.94e-51	179
FUN_027961-T1	sp|O17953|DLDH_CAEEL	28.758	459	303	11	17	463	31	477	1.75e-50	178
FUN_028011-T1	sp|Q66HG5|TM9S2_RAT	65.957	611	191	8	76	676	55	658	0.0	824
FUN_028014-T1	sp|Q66HG5|TM9S2_RAT	68.701	639	188	8	22	657	34	663	0.0	917
FUN_028014-T2	sp|Q66HG5|TM9S2_RAT	68.701	639	188	8	25	660	34	663	0.0	914
FUN_028083-T1	sp|P33527|MRP1_HUMAN	48.433	1340	613	13	1	1328	258	1531	0.0	1264
FUN_028083-T2	sp|P33527|MRP1_HUMAN	48.385	1393	641	13	121	1501	204	1530	0.0	1318
FUN_028083-T3	sp|P33527|MRP1_HUMAN	48.278	1394	643	13	121	1502	204	1531	0.0	1320
FUN_028092-T1	sp|P33527|MRP1_HUMAN	52.171	1336	615	9	119	1435	200	1530	0.0	1404
FUN_028145-T1	sp|P32189|GLPK_HUMAN	31.461	534	330	13	7	522	4	519	1.27e-71	238
FUN_028145-T2	sp|P32189|GLPK_HUMAN	32.759	348	206	8	7	340	4	337	1.55e-47	169
FUN_028174-T1	sp|P53003|PCCB_SACEN	54.563	526	219	3	41	546	21	546	0.0	566
FUN_028229-T1	sp|Q9UNQ0|ABCG2_HUMAN	30.948	559	326	13	55	570	37	578	2.35e-82	272
FUN_028262-T1	sp|P92958|KIN11_ARATH	36.667	270	162	4	12	279	24	286	1.06e-52	184
FUN_028263-T1	sp|P24140|GPT_CRIGR	62.843	401	147	2	8	408	10	408	4.61e-176	496
FUN_028263-T2	sp|P24140|GPT_CRIGR	63.342	371	134	2	8	378	10	378	4.39e-168	476
FUN_028284-T1	sp|P51813|BMX_HUMAN	32.581	310	182	8	582	890	391	674	1.86e-47	180
FUN_028312-T1	sp|P51813|BMX_HUMAN	35.915	284	163	5	638	921	410	674	1.74e-48	183
FUN_028315-T1	sp|P51813|BMX_HUMAN	37.241	290	156	6	243	531	410	674	1.33e-55	197
FUN_028316-T1	sp|P51813|BMX_HUMAN	33.916	286	171	4	498	783	407	674	5.21e-46	175
FUN_028317-T1	sp|P51813|BMX_HUMAN	35.052	291	164	6	48	338	410	675	1.15e-55	192
FUN_028351-T1	sp|P51813|BMX_HUMAN	34.708	291	163	8	20	309	410	674	4.92e-55	189
FUN_028354-T1	sp|P51813|BMX_HUMAN	35.616	292	161	8	545	835	410	675	4.85e-51	190
FUN_028355-T1	sp|P51813|BMX_HUMAN	34.932	292	163	8	531	821	410	675	1.57e-50	188
FUN_028360-T1	sp|P51813|BMX_HUMAN	35.052	291	162	8	19	308	410	674	2.13e-54	187
FUN_028362-T1	sp|P51813|BMX_HUMAN	35.052	291	162	8	20	309	410	674	3.40e-54	187
FUN_028362-T2	sp|P51813|BMX_HUMAN	35.052	291	162	8	52	341	410	674	6.20e-54	187
FUN_028369-T1	sp|P51813|BMX_HUMAN	34.021	291	165	8	441	730	410	674	2.34e-48	181
FUN_028391-T1	sp|P51813|BMX_HUMAN	33.677	291	166	8	61	350	410	674	6.82e-51	179
FUN_028413-T1	sp|P51813|BMX_HUMAN	33.219	292	168	8	221	511	410	675	2.35e-48	177
FUN_028451-T1	sp|P51813|BMX_HUMAN	34.708	291	163	7	471	760	410	674	8.34e-48	180
FUN_028452-T1	sp|P51813|BMX_HUMAN	32.881	295	170	9	182	475	406	673	4.44e-44	164
FUN_028469-T1	sp|Q9QYF3|MYO5A_RAT	46.800	250	130	2	58	304	62	311	8.47e-70	235
FUN_028482-T1	sp|Q9NYR8|RDH8_HUMAN	45.172	290	148	4	2	286	3	286	2.17e-79	242
FUN_028484-T1	sp|Q9NYR8|RDH8_HUMAN	32.975	279	181	4	27	304	2	275	2.28e-42	148
FUN_028510-T1	sp|Q9KDS9|ACCC_HALH5	49.888	445	221	2	40	484	3	445	7.64e-153	450
FUN_028559-T1	sp|Q9Y6A2|CP46A_HUMAN	35.477	482	302	5	21	501	17	490	3.47e-104	320
FUN_028762-T1	sp|Q9Y6A2|CP46A_HUMAN	38.141	312	184	5	39	350	188	490	5.64e-68	221
FUN_028846-T1	sp|Q99999|G3ST1_HUMAN	31.034	406	237	11	10	387	11	401	3.28e-63	209
FUN_028970-T1	sp|A7LXM2|SPT_BACO1	30.618	356	242	4	208	563	39	389	5.28e-53	186
FUN_028982-T1	sp|Q8R431|MGLL_RAT	42.701	274	155	2	14	287	24	295	3.26e-84	254
FUN_029019-T1	sp|Q8TCT0|CERK1_HUMAN	35.099	453	270	7	81	515	83	529	7.20e-92	290
FUN_029020-T1	sp|P0DOX0|C27C1_AQUCT	32.292	480	313	8	64	538	64	536	1.55e-82	266
FUN_029023-T2	sp|P17178|CP27A_RAT	33.687	377	231	9	60	429	61	425	2.26e-57	196
FUN_029023-T3	sp|P17178|CP27A_RAT	34.639	485	290	12	60	530	61	532	2.81e-85	273
FUN_029024-T1	sp|P0DOX0|C27C1_AQUCT	29.026	503	342	11	26	521	42	536	6.23e-70	233
FUN_029042-T1	sp|Q9UMZ3|PTPRQ_HUMAN	34.483	377	215	9	109	478	1942	2293	1.92e-56	210
FUN_029045-T1	sp|Q9N0V4|GSTM1_BOVIN	52.582	213	101	0	1	213	1	213	3.51e-80	238
FUN_029093-T1	sp|P51647|AL1A1_RAT	51.196	209	97	2	450	657	22	226	4.49e-62	214
FUN_029119-T1	sp|Q5APD4|C9MT_CANAL	44.828	435	220	7	36	452	53	485	1.01e-128	382
FUN_029179-T1	sp|Q9LQV2|RDR1_ARATH	40.942	276	149	6	1223	1486	369	642	1.60e-50	195
FUN_029180-T1	sp|Q0DXS3|RDR1_ORYSJ	36.998	473	266	10	1	466	277	724	8.22e-87	297
FUN_029182-T1	sp|Q9LQV2|RDR1_ARATH	41.211	512	274	11	2	503	497	991	1.44e-110	352
FUN_029184-T1	sp|Q0DXS3|RDR1_ORYSJ	38.172	744	413	18	1225	1949	9	724	2.73e-140	457
FUN_029200-T1	sp|Q9LQV2|RDR1_ARATH	32.246	1104	603	32	823	1875	84	1093	1.69e-143	479
FUN_029268-T1	sp|Q9Y6A2|CP46A_HUMAN	38.866	247	145	3	48	294	246	486	1.19e-56	189
FUN_029293-T1	sp|Q8WWY8|LIPH_HUMAN	37.188	320	162	11	42	339	25	327	8.23e-56	187
FUN_029293-T2	sp|Q8WWY8|LIPH_HUMAN	36.923	325	168	11	36	339	19	327	1.14e-58	195
FUN_029318-T1	sp|P15121|ALDR_HUMAN	56.113	319	128	3	40	355	7	316	3.11e-113	331
FUN_029405-T1	sp|O35704|SPTC1_MOUSE	57.112	464	197	2	32	495	11	472	0.0	551
FUN_029410-T1	sp|P36204|PGKT_THEMA	48.058	412	196	5	4	414	2	396	1.23e-127	382
FUN_029413-T1	sp|Q2KHZ9|GCDH_BOVIN	70.737	434	118	3	3	432	7	435	0.0	649
FUN_029426-T1	sp|Q5H8A4|PIGG_HUMAN	37.309	1048	555	21	1	1019	1	975	0.0	616
FUN_029445-T1	sp|Q61469|PLPP1_MOUSE	34.483	261	144	8	3	257	4	243	4.93e-43	148
FUN_029539-T1	sp|Q9N126|RDH8_BOVIN	42.606	284	159	3	4	286	6	286	1.34e-73	228
FUN_029540-T1	sp|Q9N126|RDH8_BOVIN	43.668	229	125	3	1	228	39	264	9.91e-54	175
FUN_029541-T1	sp|Q9N126|RDH8_BOVIN	42.500	280	144	5	2	273	4	274	1.40e-60	194
FUN_029545-T1	sp|Q9N126|RDH8_BOVIN	44.203	276	147	5	4	277	6	276	2.50e-66	209
FUN_029550-T1	sp|P22307|SCP2_HUMAN	64.552	536	184	3	5	534	12	547	0.0	692
FUN_029644-T1	sp|Q92113|CP17A_SQUAC	42.972	498	278	3	1	495	5	499	3.15e-148	433
FUN_029709-T1	sp|Q23571|ODB2_CAEEL	48.261	460	191	6	69	522	30	448	1.05e-151	441
FUN_030201-T1	sp|Q96SU4|OSBL9_HUMAN	61.735	196	71	3	5	197	542	736	2.44e-82	258
FUN_030202-T1	sp|Q96SU4|OSBL9_HUMAN	60.674	178	66	1	1	178	1	174	2.09e-67	229
FUN_031232-T1	sp|Q9TT38|PA24A_RABIT	43.515	717	358	14	88	776	22	719	0.0	565
FUN_031233-T1	sp|Q9TT38|PA24A_RABIT	46.154	182	94	2	13	191	539	719	1.20e-49	170
FUN_031240-T1	sp|P42335|IP3KB_RAT	51.637	397	184	4	176	567	533	926	2.38e-129	400
FUN_031246-T1	sp|Q94515|DEGS1_DROME	58.228	316	132	0	1	316	1	316	2.86e-141	401
FUN_031247-T1	sp|Q3ZBY7|DEGS1_BOVIN	57.098	317	133	1	1	317	1	314	1.33e-139	397
FUN_031299-T1	sp|O95180|CAC1H_HUMAN	30.871	379	229	6	827	1185	1284	1649	3.57e-47	185
FUN_031304-T1	sp|O95180|CAC1H_HUMAN	31.366	644	391	13	1007	1626	1291	1907	3.69e-83	304
FUN_031315-T1	sp|A0A0C2SRU0|IBOD_AMAMK	43.653	323	154	7	68	363	1	322	1.37e-82	256
FUN_031489-T1	sp|P06787|CALM_YEAST	52.778	144	67	1	16	159	5	147	2.91e-52	162
FUN_031490-T1	sp|P06787|CALM_YEAST	49.650	143	71	1	6	148	5	146	2.15e-49	155
FUN_031521-T1	sp|Q9UMZ3|PTPRQ_HUMAN	26.562	896	550	35	1957	2801	629	1467	1.87e-55	214
FUN_031522-T1	sp|Q99J47|DRS7B_MOUSE	32.746	284	181	4	38	321	50	323	5.25e-43	150
FUN_031525-T1	sp|P0C5E4|PTPRQ_MOUSE	24.270	1541	932	57	3487	4934	68	1466	3.89e-69	261
FUN_031644-T1	sp|Q3EBF7|SLD2_ARATH	41.722	453	248	4	3	448	6	449	1.04e-126	374
FUN_031665-T1	sp|E9Q6P5|TTC7B_MOUSE	42.099	867	456	15	3	850	4	843	0.0	631
FUN_031665-T2	sp|E9Q6P5|TTC7B_MOUSE	42.099	867	456	15	3	850	4	843	0.0	632
FUN_031665-T3	sp|E9Q6P5|TTC7B_MOUSE	41.960	796	412	16	3	777	4	770	0.0	554
FUN_031666-T1	sp|P06787|CALM_YEAST	47.260	146	76	1	10	155	3	147	3.38e-42	137
FUN_031667-T1	sp|P06787|CALM_YEAST	46.259	147	78	1	1	147	1	146	3.67e-44	141
FUN_031757-T1	sp|Q54SR8|SGMC_DICDI	38.409	440	254	6	7	435	12	445	2.97e-105	320
FUN_031878-T1	sp|O95180|CAC1H_HUMAN	33.989	559	319	11	889	1417	1282	1820	1.05e-76	282
FUN_031878-T2	sp|O95180|CAC1H_HUMAN	32.300	387	231	7	935	1304	1282	1654	6.94e-45	178
FUN_031882-T1	sp|O95180|CAC1H_HUMAN	33.578	545	328	10	239	760	1282	1815	7.04e-78	278
FUN_031887-T1	sp|Q14739|LBR_HUMAN	49.403	419	198	6	7	418	204	615	3.54e-134	397
FUN_031888-T1	sp|P23913|LBR_CHICK	40.492	610	331	12	2	590	3	601	7.34e-137	412
FUN_031903-T1	sp|Q7ZXY0|INO1A_XENLA	73.913	506	131	1	2	507	3	507	0.0	784
FUN_031916-T1	sp|Q9YGX2|RPE65_CHICK	39.245	530	285	13	4	504	9	530	3.73e-116	352
FUN_031917-T1	sp|Q9HAY6|BCDO1_HUMAN	35.048	311	175	9	3	292	213	517	2.08e-51	176
FUN_031918-T1	sp|A9C3R8|RP65C_DANRE	44.516	155	85	1	20	174	15	168	7.28e-42	150
FUN_031919-T1	sp|A9C3R9|RP65B_DANRE	39.429	525	281	16	17	512	15	531	3.45e-117	355
FUN_031972-T1	sp|B0MC58|BCACT_ANACD	31.722	331	210	7	62	382	12	336	5.34e-42	153
FUN_031982-T1	sp|Q29081|PMVK_PIG	55.319	188	75	4	11	196	8	188	8.58e-72	215
FUN_031983-T1	sp|Q8N5I4|DHRSX_HUMAN	41.958	286	154	4	18	295	44	325	5.14e-54	178
FUN_032010-T1	sp|P12394|CP17A_CHICK	41.342	462	268	3	57	515	40	501	3.53e-121	364
FUN_032099-T1	sp|P98192|GNPAT_MOUSE	36.048	663	377	14	7	658	36	662	1.48e-116	363
FUN_032099-T2	sp|P98192|GNPAT_MOUSE	38.655	357	194	6	1	356	191	523	3.19e-63	214
FUN_032131-T1	sp|Q94515|DEGS1_DROME	53.165	316	146	2	1	315	1	315	9.31e-127	365
FUN_032132-T1	sp|Q94515|DEGS1_DROME	65.079	315	110	0	1	315	1	315	7.25e-163	456
FUN_032191-T1	sp|D7PHZ8|VRTG_PENAE	40.684	263	136	6	11	267	15	263	2.82e-56	183
FUN_032202-T1	sp|O65202|ACOX1_ARATH	42.534	663	360	9	12	663	7	659	3.13e-173	509
FUN_032252-T1	sp|Q92539|LPIN2_HUMAN	43.643	527	267	8	368	882	387	895	6.35e-135	425
FUN_032271-T1	sp|Q8HZT6|RDH10_BOVIN	41.159	328	166	2	100	400	3	330	2.68e-87	268
FUN_032272-T1	sp|Q80ZF7|RDH10_RAT	40.432	324	166	3	2	298	1	324	6.46e-83	253
FUN_032273-T1	sp|Q5NVG2|DHB11_PONAB	44.939	247	133	1	29	275	28	271	7.62e-78	237
FUN_032284-T1	sp|Q99805|TM9S2_HUMAN	29.773	618	366	15	30	591	58	663	2.00e-90	292
FUN_032288-T1	sp|Q6P5E8|DGKQ_MOUSE	40.000	880	506	11	32	905	54	917	0.0	657
FUN_032294-T1	sp|Q9H1P3|OSBL2_HUMAN	51.724	435	183	6	628	1049	60	480	7.88e-154	464
FUN_032322-T1	sp|P51813|BMX_HUMAN	36.620	284	157	4	312	595	407	667	2.02e-50	186
FUN_032326-T1	sp|P09917|LOX5_HUMAN	30.543	681	433	16	14	669	2	667	1.25e-92	300
FUN_032326-T2	sp|P09917|LOX5_HUMAN	31.455	550	351	11	15	544	124	667	7.70e-80	263
FUN_032352-T1	sp|Q3YL68|B4GT5_DANRE	42.857	273	150	3	153	420	100	371	1.58e-71	229
FUN_032364-T1	sp|Q92038|ACOD_CYPCA	61.502	213	81	1	4	215	109	321	7.14e-92	272
FUN_032365-T1	sp|Q2KIA4|SCD5_BOVIN	56.537	283	123	0	32	314	50	332	3.42e-125	361
FUN_032367-T1	sp|Q2KIA4|SCD5_BOVIN	55.088	285	128	0	23	307	48	332	4.71e-118	343
FUN_032369-T1	sp|Q2KIA4|SCD5_BOVIN	56.491	285	124	0	23	307	48	332	3.88e-123	356
FUN_032379-T1	sp|Q9H2A2|AL8A1_HUMAN	63.326	439	152	3	5	440	7	439	0.0	588
FUN_032380-T1	sp|Q16880|CGT_HUMAN	28.571	490	298	13	52	519	33	492	6.56e-62	212
FUN_032382-T1	sp|P70085|CP17A_ORYLA	36.307	482	290	8	4	477	33	505	8.38e-101	311
FUN_032383-T1	sp|P70085|CP17A_ORYLA	35.062	482	296	7	74	547	33	505	1.96e-96	302
FUN_032384-T1	sp|P70085|CP17A_ORYLA	36.307	482	290	7	39	512	33	505	5.43e-99	307
FUN_032423-T1	sp|Q8VCH7|RDH10_MOUSE	41.270	315	158	3	1	288	1	315	3.46e-77	238
FUN_032424-T1	sp|A1L1W4|RD10A_DANRE	43.686	293	140	3	10	277	23	315	1.35e-77	239
FUN_032447-T1	sp|P33527|MRP1_HUMAN	41.812	287	165	2	4	288	1229	1515	1.28e-67	227
FUN_032448-T1	sp|P33527|MRP1_HUMAN	39.818	329	194	3	5	329	1195	1523	3.46e-74	248
FUN_032450-T1	sp|Q07DZ6|CFTR_ORNAN	41.778	225	131	0	1	225	1222	1446	4.06e-58	197
FUN_032452-T1	sp|P33527|MRP1_HUMAN	32.019	1243	698	27	121	1282	345	1521	6.68e-171	550
FUN_032453-T1	sp|P33527|MRP1_HUMAN	37.522	573	343	11	685	1245	949	1518	7.41e-107	369
FUN_032456-T1	sp|P33527|MRP1_HUMAN	34.807	882	504	14	160	974	640	1517	2.88e-160	511
FUN_032458-T1	sp|P33527|MRP1_HUMAN	36.491	570	348	10	427	985	949	1515	7.67e-109	370
FUN_032466-T1	sp|P33527|MRP1_HUMAN	35.117	598	368	10	488	1071	936	1527	3.34e-108	369
FUN_032603-T1	sp|Q04791|SASB_ANAPL	31.459	569	329	19	1	535	1	542	1.70e-68	232
FUN_032603-T2	sp|Q04791|SASB_ANAPL	31.810	525	300	17	1	493	1	499	3.11e-63	214
FUN_032605-T1	sp|Q13315|ATM_HUMAN	23.937	1082	688	30	1759	2733	2003	3056	1.81e-71	268
FUN_032683-T1	sp|P38060|HMGCL_MOUSE	71.429	105	30	0	1	105	217	321	2.79e-51	163
FUN_032754-T1	sp|P33527|MRP1_HUMAN	34.166	881	509	15	139	952	643	1519	2.03e-159	507
FUN_032754-T2	sp|P33527|MRP1_HUMAN	29.382	1375	803	28	11	1277	205	1519	6.13e-176	561
FUN_032781-T1	sp|Q6Y1H2|HACD2_HUMAN	54.884	215	97	0	4	218	37	251	1.71e-90	266
FUN_032903-T1	sp|O86318|ACCD2_MYCTU	49.242	528	259	5	27	552	9	529	3.61e-177	509
FUN_032970-T1	sp|A0A2I7G3B3|ADH2_TANCI	40.576	382	218	7	1	377	1	378	1.05e-92	282
FUN_033036-T1	sp|Q9Y216|MTMR7_HUMAN	33.731	335	212	6	4	329	1	334	2.49e-47	168
FUN_033039-T1	sp|Q9VTG7|B3G2P_DROME	40.234	256	135	6	110	363	231	470	6.28e-56	189
FUN_033040-T1	sp|Q9VTG7|B3G2P_DROME	37.069	232	133	5	150	379	231	451	5.83e-46	164
FUN_033040-T2	sp|Q9VTG7|B3G2P_DROME	37.069	232	133	5	150	379	231	451	5.33e-46	164
FUN_033114-T1	sp|Q99104|MYO5A_MOUSE	29.079	760	485	21	8	755	69	786	8.51e-84	301
FUN_033510-T1	sp|P51813|BMX_HUMAN	33.692	279	165	6	522	800	411	669	4.32e-49	184
FUN_033510-T2	sp|P51813|BMX_HUMAN	33.692	279	165	6	307	585	411	669	6.81e-50	183
FUN_033512-T1	sp|P0DOX0|C27C1_AQUCT	28.571	350	240	7	60	407	64	405	2.26e-44	161
FUN_033751-T1	sp|O95461|LARG1_HUMAN	64.115	627	218	2	100	725	123	743	0.0	895
FUN_033765-T1	sp|P33527|MRP1_HUMAN	34.340	894	520	16	471	1307	622	1505	7.19e-161	521
FUN_033773-T1	sp|Q96SU4|OSBL9_HUMAN	37.731	379	187	9	342	695	369	723	7.25e-66	234
FUN_033777-T1	sp|P35790|CHKA_HUMAN	41.953	379	194	6	13	374	88	457	3.03e-99	301
FUN_033785-T1	sp|P58044|IDI1_MOUSE	57.466	221	92	2	3	223	9	227	1.25e-91	268
FUN_033859-T1	sp|Q3MHW9|NB5R1_BOVIN	59.353	278	111	2	29	304	28	305	1.36e-122	352
FUN_033915-T1	sp|E7EY42|PTSS2_DANRE	57.009	428	173	3	31	457	11	428	0.0	514
FUN_033937-T1	sp|A7SK27|EKI_NEMVE	56.000	350	150	1	1	350	1	346	1.31e-139	399
FUN_033957-T1	sp|Q7ZYQ3|CEPT1_XENLA	51.081	370	181	0	2	371	40	409	3.02e-133	387
FUN_033981-T1	sp|A7S4N4|SERIC_NEMVE	30.159	378	231	8	29	380	43	413	1.12e-48	171
FUN_034021-T1	sp|Q5ZHN9|PGPS1_CHICK	47.009	351	166	6	48	379	78	427	4.69e-103	315
FUN_034021-T2	sp|Q5ZHN9|PGPS1_CHICK	48.303	383	179	6	1	365	175	556	2.31e-114	343
FUN_034021-T3	sp|Q5ZHN9|PGPS1_CHICK	47.917	480	229	7	48	507	78	556	8.68e-147	431
FUN_034115-T1	sp|Q96AD5|PLPL2_HUMAN	46.988	249	109	2	3	229	4	251	1.08e-69	230
FUN_034115-T2	sp|Q96AD5|PLPL2_HUMAN	47.368	247	107	2	4	228	5	250	2.87e-71	229
FUN_034116-T1	sp|Q2KI18|PLPL2_BOVIN	47.566	267	131	3	8	268	9	272	4.85e-77	246
FUN_034120-T1	sp|Q9H6R3|ACSS3_HUMAN	53.600	625	289	1	57	680	61	685	0.0	731
FUN_034229-T1	sp|Q38997|KIN10_ARATH	41.828	361	194	6	12	370	19	365	4.70e-90	289
FUN_034229-T2	sp|Q38997|KIN10_ARATH	39.506	243	132	5	29	270	137	365	1.11e-49	177
FUN_034232-T1	sp|Q7ZXF5|FACR1_XENLA	45.957	507	274	0	7	513	1	507	8.50e-169	486
FUN_034300-T1	sp|Q13614|MTMR2_HUMAN	31.808	437	215	13	1210	1635	225	589	8.33e-57	209
FUN_034360-T1	sp|Q38997|KIN10_ARATH	39.535	258	153	3	22	279	23	277	7.96e-60	198
FUN_034383-T1	sp|Q9EQC4|ELOV4_MOUSE	45.324	278	142	5	3	279	12	280	4.73e-78	238
FUN_034384-T1	sp|A0A0C5PHQ7|ELOV5_TACFU	42.751	269	141	5	5	270	6	264	5.64e-71	219
FUN_034385-T1	sp|Q9EQC4|ELOV4_MOUSE	42.697	267	142	4	3	266	12	270	5.87e-74	228
FUN_034386-T1	sp|Q9EQC4|ELOV4_MOUSE	42.294	279	150	5	2	277	17	287	2.67e-71	221
FUN_034387-T1	sp|Q95K73|ELOV4_MACFA	52.500	280	123	4	12	289	24	295	1.13e-99	294
FUN_034388-T1	sp|Q5M8U1|ELOV5_XENTR	44.526	274	138	5	5	274	6	269	1.43e-74	229
FUN_034486-T1	sp|Q13614|MTMR2_HUMAN	46.043	417	210	9	488	895	174	584	4.02e-116	370
FUN_034803-T1	sp|Q2LAM0|FA2H_RAT	44.167	360	183	6	16	361	11	366	2.20e-103	308
FUN_034807-T1	sp|O25685|Y1044_HELPY	37.209	258	149	4	173	430	121	365	2.23e-48	169
FUN_034811-T1	sp|Q949W8|XK2_ARATH	51.039	433	198	5	5	423	11	443	5.22e-156	452
FUN_034846-T1	sp|Q8IZF2|AGRF5_HUMAN	27.473	546	344	19	705	1223	778	1298	1.31e-42	170
FUN_034853-T1	sp|Q9WTK3|GPAA1_MOUSE	44.361	266	137	5	1	260	1	261	9.92e-62	205
FUN_034880-T1	sp|Q7K237|C1GLT_DROME	42.604	338	180	5	3	336	17	344	1.72e-93	285
FUN_034951-T1	sp|Q9H490|PIGU_HUMAN	43.365	422	224	4	39	453	22	435	7.20e-114	341
FUN_034953-T1	sp|Q8VYX1|PEAM1_WHEAT	50.000	486	238	3	10	493	16	498	3.63e-177	506
FUN_034953-T2	sp|Q9C6B9|PEAM3_ARATH	49.392	411	202	4	1	409	83	489	6.30e-143	416
FUN_034953-T3	sp|Q8VYX1|PEAM1_WHEAT	51.887	318	149	2	10	325	16	331	9.95e-115	342
FUN_034972-T1	sp|Q38997|KIN10_ARATH	35.915	284	179	3	108	389	3	285	3.91e-57	194
FUN_035042-T1	sp|A6QNK1|G3ST1_BOVIN	31.977	344	212	6	67	395	65	401	2.11e-48	170
FUN_035043-T1	sp|P17178|CP27A_RAT	33.676	487	303	8	45	522	57	532	9.57e-92	290
FUN_035044-T1	sp|P17178|CP27A_RAT	32.305	486	307	8	47	522	57	530	1.61e-82	266
FUN_035044-T2	sp|P17178|CP27A_RAT	32.305	486	307	8	47	522	57	530	5.80e-88	280
FUN_035046-T1	sp|P17178|CP27A_RAT	33.607	488	302	8	47	524	57	532	4.41e-89	283
FUN_035046-T2	sp|P17178|CP27A_RAT	29.859	355	233	5	47	397	57	399	3.19e-49	174
FUN_035058-T1	sp|A7B3K3|3AHDP_MEDG7	36.948	249	154	2	27	275	5	250	1.35e-45	153
FUN_035068-T1	sp|Q5U403|MVD1_DANRE	54.731	391	171	5	15	403	9	395	2.69e-143	413
FUN_035068-T2	sp|Q5U403|MVD1_DANRE	58.112	339	138	3	15	352	9	344	1.27e-132	384
FUN_035170-T1	sp|F1QWW8|KDSR_DANRE	47.531	324	166	2	5	324	3	326	7.15e-104	307
FUN_035182-T1	sp|Q8NBX0|SCPDL_HUMAN	49.176	425	202	5	4	419	5	424	1.62e-146	423
FUN_035222-T1	sp|Q38997|KIN10_ARATH	37.269	271	151	6	61	323	15	274	8.65e-48	173
FUN_035229-T1	sp|Q9ERM3|DGAT1_RAT	52.860	437	196	5	22	456	61	489	5.95e-167	479
FUN_035235-T1	sp|Q64649|KPB1_RAT	35.678	981	520	19	10	902	10	967	1.08e-176	550
FUN_035235-T2	sp|Q64649|KPB1_RAT	41.706	633	339	9	10	634	10	620	2.92e-161	496
FUN_035244-T1	sp|P22045|PGFS_LEIMA	45.455	264	133	3	47	300	9	271	5.09e-72	223
FUN_035255-T1	sp|O16025|AOSL_PLEHO	42.948	631	328	8	5	612	200	821	3.21e-174	524
FUN_035256-T1	sp|O16025|AOSL_PLEHO	52.778	216	102	0	2	217	851	1066	5.09e-79	255
FUN_035257-T1	sp|O16025|AOSL_PLEHO	44.403	1072	557	14	34	1074	3	1066	0.0	930
FUN_035257-T2	sp|O16025|AOSL_PLEHO	43.929	1013	529	14	34	1015	3	1007	0.0	867
FUN_035258-T1	sp|O16025|AOSL_PLEHO	45.403	707	356	9	1	681	364	1066	0.0	640
FUN_035259-T1	sp|O16025|AOSL_PLEHO	47.914	695	337	7	24	697	376	1066	0.0	687
FUN_035259-T2	sp|O16025|AOSL_PLEHO	48.025	633	304	7	1	612	438	1066	0.0	624
FUN_035259-T3	sp|O16025|AOSL_PLEHO	47.914	695	337	7	15	688	376	1066	0.0	688
FUN_035264-T1	sp|Q9NUI1|DECR2_HUMAN	36.981	265	163	4	49	312	14	275	1.61e-47	161
FUN_035351-T1	sp|Q8NCC3|PAG15_HUMAN	41.005	378	216	5	18	393	39	411	1.38e-100	304
FUN_035368-T1	sp|Q6NT55|CP4FN_HUMAN	36.215	428	247	8	47	448	47	474	2.02e-85	271
FUN_035402-T1	sp|P51993|FUT6_HUMAN	35.662	272	148	8	66	332	90	339	4.22e-43	152
FUN_035467-T1	sp|Q16822|PCKGM_HUMAN	62.459	610	222	6	9	613	30	637	0.0	814
FUN_035468-T1	sp|Q16822|PCKGM_HUMAN	64.975	611	204	6	42	646	32	638	0.0	843
FUN_035477-T1	sp|P16885|PLCG2_HUMAN	39.276	359	189	10	23	367	14	357	5.63e-63	217
FUN_035477-T2	sp|P16885|PLCG2_HUMAN	42.105	399	202	10	23	407	14	397	9.42e-84	278
FUN_035478-T1	sp|Q8CIH5|PLCG2_MOUSE	42.254	852	402	17	1	816	417	1214	0.0	664
FUN_035602-T1	sp|O60762|DPM1_HUMAN	80.833	240	46	0	2	241	21	260	3.59e-149	416
FUN_035624-T1	sp|Q68F38|VAC14_XENLA	66.246	317	105	1	2	318	3	317	2.96e-156	456
FUN_035625-T1	sp|Q66L58|VAC14_DANRE	57.143	266	107	4	5	268	500	760	1.67e-94	294
FUN_035625-T2	sp|Q66L58|VAC14_DANRE	54.223	367	152	6	32	387	399	760	1.22e-122	372
FUN_035655-T1	sp|Q8N5I4|DHRSX_HUMAN	41.356	295	142	10	126	405	44	322	4.73e-48	166
FUN_035665-T1	sp|Q38997|KIN10_ARATH	39.877	326	184	7	19	340	19	336	2.63e-69	237
FUN_035683-T1	sp|P20456|IMPA1_BOVIN	55.351	271	119	1	14	284	6	274	8.75e-108	313
FUN_035683-T2	sp|P20456|IMPA1_BOVIN	53.876	258	112	2	14	271	6	256	9.06e-95	280
FUN_035763-T1	sp|Q56872|GM4D_YERE8	59.780	363	127	4	10	355	2	362	1.86e-163	461
FUN_035763-T2	sp|Q56872|GM4D_YERE8	59.664	357	131	3	25	370	2	356	1.15e-161	457
FUN_035805-T1	sp|Q99LQ7|PDES1_MOUSE	56.343	268	112	1	10	272	2	269	2.26e-103	301
FUN_035813-T1	sp|Q969N2|PIGT_HUMAN	45.405	555	292	8	22	572	27	574	1.21e-175	509
FUN_035818-T1	sp|F4JKK0|SUD1_ARATH	29.819	332	215	5	224	555	406	719	2.48e-47	178
FUN_035821-T1	sp|Q5U2Z2|AJUBA_RAT	42.788	208	115	3	2	205	337	544	5.28e-52	176
FUN_035830-T1	sp|O74212|D5FAD_MORAP	52.308	130	62	0	1	130	316	445	3.68e-44	149
FUN_035831-T1	sp|O74212|D5FAD_MORAP	44.494	445	241	3	4	446	6	446	8.88e-139	405
FUN_035831-T2	sp|O74212|D5FAD_MORAP	46.403	278	144	3	4	279	6	280	5.14e-84	259
FUN_035832-T1	sp|O74212|D5FAD_MORAP	43.919	444	244	3	4	445	6	446	6.80e-136	397
FUN_035833-T1	sp|O74212|D5FAD_MORAP	49.220	449	223	3	1	447	1	446	2.04e-160	460
FUN_035876-T1	sp|Q5EA10|PIGM_BOVIN	55.435	184	82	0	1	184	236	419	1.59e-73	226
FUN_035932-T1	sp|Q9HAY6|BCDO1_HUMAN	44.231	156	85	1	6	159	7	162	6.05e-43	149
FUN_035933-T1	sp|Q9HAY6|BCDO1_HUMAN	35.127	353	205	10	5	338	170	517	6.52e-64	211
FUN_036022-T1	sp|P00185|CP1A1_RAT	37.029	451	255	10	1	440	70	502	1.56e-87	276
FUN_036029-T1	sp|P9WFU7|LYSX_MYCTU	37.931	406	236	7	21	421	777	1171	1.99e-80	269
FUN_036038-T1	sp|P00184|CP1A1_MOUSE	34.216	453	273	8	83	524	42	480	4.83e-92	291
FUN_036039-T1	sp|P00185|CP1A1_RAT	35.404	483	283	9	44	515	42	506	3.10e-95	298
FUN_036042-T1	sp|O00750|P3C2B_HUMAN	41.048	1374	767	16	284	1636	275	1626	0.0	996
FUN_036096-T1	sp|O95342|ABCBB_HUMAN	37.170	530	314	7	246	766	148	667	1.09e-92	316
FUN_036113-T1	sp|Q92506|DHB8_HUMAN	47.308	260	130	2	1	254	1	259	1.94e-74	226
FUN_036150-T1	sp|Q9NTJ5|SAC1_HUMAN	57.952	547	223	4	4	550	3	542	0.0	663
FUN_036150-T2	sp|Q9NTJ5|SAC1_HUMAN	56.684	591	249	4	5	595	4	587	0.0	704
FUN_036165-T1	sp|C7G3A0|MPPE1_CRIGR	49.180	366	165	6	28	390	25	372	1.63e-127	372
FUN_036165-T2	sp|C7G3A0|MPPE1_CRIGR	50.462	325	144	5	28	349	25	335	1.19e-116	345
FUN_036166-T1	sp|P39954|SAHH_YEAST	71.267	442	111	3	9	434	8	449	0.0	634
FUN_036166-T2	sp|P39954|SAHH_YEAST	71.267	442	111	3	9	434	8	449	0.0	634
FUN_036166-T3	sp|P83783|SAHH_CANAL	72.063	383	91	3	1	367	24	406	0.0	552
FUN_036193-T1	sp|Q8R3F5|FABD_MOUSE	37.931	203	123	2	2	202	169	370	5.42e-43	147
FUN_036230-T1	sp|Q8TB40|ABHD4_HUMAN	51.543	324	154	3	32	352	19	342	2.66e-122	355
FUN_036231-T1	sp|Q8TB40|ABHD4_HUMAN	53.666	341	156	2	10	348	2	342	1.67e-135	389
FUN_036255-T1	sp|Q8BYI6|PCAT2_MOUSE	39.662	474	257	12	33	492	50	508	1.93e-108	332
FUN_036258-T1	sp|Q8BYI6|PCAT2_MOUSE	49.002	451	223	6	36	484	55	500	2.73e-153	447
FUN_036523-T1	sp|Q9WUB4|DCTN6_MOUSE	52.817	142	61	2	4	141	2	141	3.33e-45	147
FUN_036529-T1	sp|Q9WV55|VAPA_MOUSE	40.714	280	125	5	1	277	8	249	6.72e-62	195
FUN_036773-T1	sp|P51813|BMX_HUMAN	33.219	292	168	8	396	686	410	675	2.36e-47	177
FUN_036841-T1	sp|Q7G192|ALDO2_ARATH	33.869	1308	749	43	60	1288	3	1273	0.0	640
FUN_036847-T1	sp|Q6XZB0|LIPI_HUMAN	35.759	316	176	10	160	459	41	345	1.09e-53	186
FUN_036905-T1	sp|P33527|MRP1_HUMAN	31.075	1358	801	24	65	1332	209	1521	0.0	657
FUN_036919-T1	sp|P42765|THIM_HUMAN	63.706	394	143	0	4	397	3	396	0.0	543
FUN_037170-T1	sp|Q64676|CGT_MOUSE	30.041	486	324	8	28	508	24	498	5.59e-74	243
FUN_037196-T1	sp|P13217|PIPA_DROME	34.895	619	348	14	280	856	198	803	1.44e-102	347
FUN_037205-T1	sp|A7LXM2|SPT_BACO1	32.796	372	247	2	51	422	21	389	8.29e-70	225
FUN_037415-T1	sp|Q5ZJG8|HSDL1_CHICK	44.884	303	161	3	34	331	25	326	1.05e-87	266
FUN_037422-T1	sp|O57314|DHB12_ANAPL	50.752	266	127	3	46	307	47	312	1.27e-90	271
FUN_037455-T1	sp|O95342|ABCBB_HUMAN	35.284	598	348	8	113	676	31	623	1.33e-90	306
FUN_037455-T2	sp|O95342|ABCBB_HUMAN	35.352	611	356	8	113	689	31	636	4.43e-94	317
FUN_037484-T1	sp|Q9NUD9|PIGV_HUMAN	33.643	431	212	9	2	381	86	493	7.85e-63	208
FUN_037485-T1	sp|O43426|SYNJ1_HUMAN	51.097	638	246	8	1	627	396	978	0.0	642
FUN_037485-T2	sp|O43426|SYNJ1_HUMAN	54.537	1036	400	13	1	1023	1	978	0.0	1144
FUN_037485-T3	sp|O43426|SYNJ1_HUMAN	54.642	1034	398	13	1	1021	1	976	0.0	1134
FUN_037496-T1	sp|P36898|BMR1B_MOUSE	53.374	489	209	10	26	511	28	500	3.25e-176	505
FUN_037510-T1	sp|Q9EQ60|CAC1H_RAT	30.719	612	384	11	772	1369	1284	1869	3.53e-74	274
FUN_037510-T2	sp|O95180|CAC1H_HUMAN	29.846	650	408	12	772	1401	1273	1894	1.46e-74	276
FUN_037529-T1	sp|Q9QYF3|MYO5A_RAT	42.890	429	230	7	60	481	64	484	5.93e-102	334
FUN_037545-T1	sp|P60484|PTEN_HUMAN	50.000	356	164	4	16	359	4	357	3.55e-121	358
FUN_037564-T1	sp|P05370|G6PD_RAT	33.265	487	281	17	54	531	18	469	3.74e-67	231
FUN_037566-T1	sp|P07686|HEXB_HUMAN	51.378	508	219	10	49	536	55	554	1.09e-178	514
FUN_037590-T1	sp|O95342|ABCBB_HUMAN	35.754	537	326	6	67	598	136	658	1.15e-87	296
FUN_037593-T1	sp|Q96SU4|OSBL9_HUMAN	61.875	160	52	3	391	544	364	520	1.52e-53	193
FUN_037685-T1	sp|Q6AXR4|HEXB_RAT	49.123	228	109	3	105	331	315	536	2.07e-74	238
FUN_037775-T1	sp|P48630|FD6E1_SOYBN	49.602	377	170	7	20	387	19	384	1.27e-123	362
FUN_037794-T1	sp|P08836|FPPS_CHICK	56.522	276	118	1	9	282	26	301	6.28e-115	336
FUN_037826-T1	sp|Q54R47|GCDH_DICDI	32.804	378	241	6	28	404	49	414	2.75e-50	182
FUN_037835-T1	sp|A0JNC1|CDS2_BOVIN	55.069	434	180	4	13	443	17	438	1.74e-179	508
FUN_037860-T1	sp|Q2FWX9|DIALD_STAA8	43.913	230	127	2	19	248	15	242	3.20e-61	200
FUN_037861-T1	sp|Q2FWX9|DIALD_STAA8	53.947	152	67	2	7	158	306	454	8.74e-50	167
FUN_037862-T1	sp|Q2FWX9|DIALD_STAA8	45.662	438	233	3	19	454	15	449	8.72e-139	407
FUN_037864-T1	sp|Q6XZB0|LIPI_HUMAN	40.865	208	112	6	55	261	41	238	6.00e-41	146
FUN_037923-T1	sp|P13217|PIPA_DROME	27.139	818	516	22	192	977	41	810	3.39e-79	280
FUN_037923-T2	sp|P13217|PIPA_DROME	27.139	818	516	22	195	980	41	810	4.16e-79	279
FUN_037926-T1	sp|Q9ESR9|ABCA2_RAT	37.064	974	480	20	98	980	579	1510	0.0	603
FUN_037993-T1	sp|O94911|ABCA8_HUMAN	32.764	1288	711	28	1	1225	404	1599	0.0	616
FUN_037993-T2	sp|O94911|ABCA8_HUMAN	30.760	1736	987	44	1	1663	6	1599	0.0	683
FUN_038034-T1	sp|P92958|KIN11_ARATH	32.616	279	176	4	42	319	19	286	3.60e-46	167
FUN_038034-T2	sp|P92958|KIN11_ARATH	32.453	265	168	3	42	305	19	273	5.37e-46	167
FUN_038092-T1	sp|D7PHZ0|VRTJ_PENAE	31.436	369	229	6	61	427	33	379	5.03e-43	155
FUN_038205-T1	sp|P09917|LOX5_HUMAN	30.303	429	270	11	39	457	263	672	5.35e-50	180
FUN_038205-T2	sp|P09917|LOX5_HUMAN	30.303	429	270	11	96	514	263	672	2.57e-49	179
FUN_038205-T3	sp|P09917|LOX5_HUMAN	31.218	394	246	10	6	389	294	672	7.00e-46	166
FUN_038217-T1	sp|Q99104|MYO5A_MOUSE	35.216	832	501	16	11	819	21	837	5.48e-141	488
FUN_038241-T1	sp|Q9UMZ3|PTPRQ_HUMAN	23.482	1499	902	52	604	2002	621	1974	1.34e-59	228
FUN_038245-T1	sp|Q9QYF3|MYO5A_RAT	38.141	839	448	19	29	818	13	829	1.13e-164	551
FUN_038270-T1	sp|Q8NCG7|DGLB_HUMAN	36.103	698	370	20	1	669	1	651	7.90e-124	382
FUN_038297-T1	sp|Q9QYF3|MYO5A_RAT	37.106	857	474	17	19	839	2	829	6.74e-160	538
FUN_038393-T1	sp|P22570|ADRO_HUMAN	55.556	486	184	7	31	501	21	489	1.74e-180	515
FUN_038500-T1	sp|O00562|PITM1_HUMAN	41.700	247	138	4	1	241	1	247	3.96e-66	221
FUN_038505-T1	sp|Q9NUI1|DECR2_HUMAN	54.448	281	121	5	1	278	1	277	4.17e-101	297
FUN_038507-T1	sp|A8DZE7|D42E1_DANRE	63.518	307	108	4	1	305	81	385	1.95e-135	389
FUN_038507-T2	sp|Q4R7R1|D42E1_MACFA	58.290	386	152	5	7	390	4	382	4.91e-154	440
FUN_038524-T1	sp|Q8BKX6|SMG1_MOUSE	37.952	3702	2018	69	124	3723	134	3658	0.0	2374
FUN_038533-T1	sp|O00116|ADAS_HUMAN	58.587	623	242	3	5	611	36	658	0.0	788
FUN_038535-T1	sp|Q9NYA1|SPHK1_HUMAN	36.386	404	200	9	138	530	14	371	1.52e-74	240
FUN_038547-T1	sp|Q5U4T9|MBOA7_XENLA	36.897	477	275	7	1	463	1	465	2.07e-101	311
FUN_038548-T1	sp|Q9EQ60|CAC1H_RAT	43.936	1179	574	25	720	1857	776	1908	0.0	810
FUN_038614-T1	sp|Q9EQ60|CAC1H_RAT	47.160	1215	513	20	572	1677	775	1969	0.0	945
FUN_038761-T1	sp|P33527|MRP1_HUMAN	51.439	278	133	2	4	279	1246	1523	8.85e-88	285
FUN_038763-T1	sp|P33527|MRP1_HUMAN	27.001	1037	639	23	18	960	209	1221	4.61e-118	394
FUN_038766-T1	sp|P33527|MRP1_HUMAN	32.239	1340	785	27	18	1259	209	1523	0.0	679
FUN_038772-T1	sp|P33527|MRP1_HUMAN	32.159	1334	786	29	18	1255	209	1519	0.0	687
FUN_038773-T1	sp|P33527|MRP1_HUMAN	33.802	1210	693	27	55	1187	345	1523	0.0	657
FUN_038774-T1	sp|P33527|MRP1_HUMAN	59.420	138	56	0	1	138	1386	1523	1.45e-50	172
FUN_038776-T1	sp|P33527|MRP1_HUMAN	29.023	696	417	17	18	661	209	879	6.22e-88	302
FUN_038777-T1	sp|P33527|MRP1_HUMAN	49.495	297	147	3	24	318	1228	1523	1.30e-87	286
FUN_038778-T1	sp|P33527|MRP1_HUMAN	28.255	1037	626	23	18	960	209	1221	3.19e-125	415
FUN_038780-T1	sp|P33527|MRP1_HUMAN	42.300	487	270	6	15	494	1041	1523	8.70e-127	403
FUN_038780-T2	sp|P33527|MRP1_HUMAN	42.300	487	270	6	15	494	1041	1523	9.64e-127	403
FUN_038781-T1	sp|P33527|MRP1_HUMAN	27.226	786	454	18	18	710	209	969	1.56e-88	304
FUN_038782-T1	sp|P33527|MRP1_HUMAN	32.567	1348	762	30	18	1255	209	1519	0.0	694
FUN_038789-T1	sp|Q9W032|ECD_DROME	29.986	707	374	20	2	632	15	676	3.14e-81	270
FUN_038919-T1	sp|Q9R1C6|DGKE_MOUSE	48.665	487	237	7	49	526	58	540	1.84e-172	498
FUN_038934-T1	sp|P78368|KC1G2_HUMAN	58.276	290	119	1	3	290	40	329	5.30e-124	366
FUN_039030-T1	sp|P12276|FAS_CHICK	48.609	1294	619	16	46	1307	1219	2498	0.0	1165
FUN_039032-T1	sp|P12276|FAS_CHICK	56.232	1035	425	9	16	1035	2	1023	0.0	1206
FUN_039266-T1	sp|P12394|CP17A_CHICK	43.723	462	251	4	39	498	40	494	7.16e-134	397
FUN_039793-T1	sp|Q6AZN6|PK3C3_XENLA	66.855	884	267	8	9	868	5	886	0.0	1177
FUN_039816-T1	sp|Q9BZC7|ABCA2_HUMAN	52.470	1437	566	20	17	1363	997	2406	0.0	1441
FUN_039816-T2	sp|Q9BZC7|ABCA2_HUMAN	50.859	1978	863	27	12	1923	472	2406	0.0	1964
FUN_039816-T3	sp|Q9BZC7|ABCA2_HUMAN	50.220	2047	908	28	381	2361	405	2406	0.0	2003
FUN_039827-T1	sp|P51813|BMX_HUMAN	40.957	376	212	5	130	498	290	662	1.39e-86	293
FUN_039881-T1	sp|Q9EQ60|CAC1H_RAT	33.616	354	196	11	375	711	705	1036	1.26e-43	172
FUN_039882-T1	sp|O95180|CAC1H_HUMAN	28.504	635	397	18	2	616	1343	1940	8.05e-62	228
FUN_039893-T1	sp|P47895|AL1A3_HUMAN	43.590	468	252	5	56	517	48	509	8.45e-137	405
FUN_040009-T1	sp|P78368|KC1G2_HUMAN	45.902	244	125	4	46	286	95	334	4.27e-68	217
FUN_040061-T1	sp|Q9D0S9|HINT2_MOUSE	59.091	110	45	0	6	115	54	163	7.09e-51	157
FUN_040071-T1	sp|P17439|GBA1_MOUSE	48.111	503	243	7	45	542	23	512	1.22e-173	499
FUN_040081-T1	sp|Q99999|G3ST1_HUMAN	34.831	356	205	10	77	415	56	401	1.94e-54	187
FUN_040086-T1	sp|P09917|LOX5_HUMAN	28.189	486	298	12	180	650	223	672	2.47e-53	194
FUN_040086-T2	sp|P09917|LOX5_HUMAN	28.189	486	298	12	102	572	223	672	2.23e-54	195
FUN_040086-T3	sp|P09917|LOX5_HUMAN	30.208	384	235	7	102	482	223	576	2.36e-53	191
FUN_040089-T1	sp|Q924N5|ACBG1_RAT	52.087	647	305	3	59	703	73	716	0.0	680
FUN_040090-T1	sp|Q924N5|ACBG1_RAT	51.777	647	307	3	59	703	73	716	0.0	672
FUN_040091-T1	sp|Q96GR2|ACBG1_HUMAN	51.932	647	305	4	75	718	76	719	0.0	656
FUN_040091-T2	sp|Q96GR2|ACBG1_HUMAN	51.400	607	289	4	84	687	76	679	0.0	606
FUN_040091-T3	sp|Q96GR2|ACBG1_HUMAN	51.932	647	305	4	84	727	76	719	0.0	657
FUN_040101-T1	sp|Q49GP3|PI4KB_DANRE	73.152	257	68	1	1	257	580	835	3.57e-141	416
FUN_040102-T1	sp|Q9UBF8|PI4KB_HUMAN	46.200	500	184	14	88	545	103	559	6.46e-123	380
FUN_040140-T1	sp|Q66LN0|PGES2_BOVIN	47.727	176	77	3	97	261	96	267	1.60e-55	182
FUN_040232-T1	sp|Q8TEQ8|PIGO_HUMAN	33.743	1138	649	24	10	1104	8	1083	8.90e-172	533
FUN_040235-T1	sp|A7S4N4|SERIC_NEMVE	48.802	459	193	10	9	442	15	456	6.31e-144	418
FUN_040239-T1	sp|Q99104|MYO5A_MOUSE	37.348	739	430	15	7	728	72	794	8.60e-132	438
FUN_040239-T2	sp|Q99104|MYO5A_MOUSE	40.146	411	222	10	14	411	395	794	3.36e-76	267
FUN_040239-T3	sp|Q99104|MYO5A_MOUSE	37.838	481	275	10	1	468	325	794	3.09e-84	292
FUN_040243-T1	sp|Q8K4D8|AL1A3_RAT	28.778	483	330	8	59	534	37	512	1.67e-60	207
FUN_040266-T1	sp|Q38997|KIN10_ARATH	34.328	268	162	6	16	280	19	275	1.36e-44	157
FUN_040326-T1	sp|P10731|AMD_BOVIN	45.574	305	157	6	52	355	59	355	8.41e-86	297
FUN_040492-T1	sp|Q6DG36|ZNT5_DANRE	51.181	762	357	7	5	752	3	763	0.0	716
FUN_040493-T1	sp|Q5M868|GBA2_RAT	53.954	784	323	5	12	790	125	875	0.0	828
FUN_040494-T1	sp|Q38997|KIN10_ARATH	37.344	241	145	3	44	284	3	237	6.82e-49	170
FUN_040784-T1	sp|O65202|ACOX1_ARATH	27.301	641	409	20	59	666	4	620	2.69e-59	211
FUN_040965-T1	sp|Q9WUB4|DCTN6_MOUSE	58.470	183	70	2	4	182	2	182	1.12e-72	217
FUN_040971-T1	sp|Q9WV55|VAPA_MOUSE	42.606	284	114	8	1	277	8	249	2.68e-62	196
FUN_041158-T1	sp|Q7TXL8|PPSC_MYCBO	27.289	2250	1373	75	870	3017	37	2125	8.06e-175	598
FUN_041461-T1	sp|Q09711|NCS1_SCHPO	47.778	180	91	3	1	177	1	180	2.65e-58	181
FUN_041494-T1	sp|Q64516|GLPK_MOUSE	63.916	521	181	2	44	558	9	528	0.0	688
FUN_041494-T2	sp|Q64516|GLPK_MOUSE	62.113	549	200	3	44	586	9	555	0.0	690
FUN_041574-T1	sp|Q86BN8|PTPM1_DROME	47.179	195	87	2	2	180	3	197	2.49e-62	191
FUN_041622-T1	sp|Q91WW7|PLPL3_MOUSE	41.473	258	150	1	17	274	9	265	4.16e-70	221
FUN_041634-T1	sp|P92958|KIN11_ARATH	42.363	347	177	5	43	387	20	345	1.52e-83	275
FUN_041638-T1	sp|P92958|KIN11_ARATH	43.151	292	151	3	1	287	72	353	1.25e-69	241
FUN_041667-T1	sp|P51813|BMX_HUMAN	31.420	331	195	8	930	1255	371	674	3.28e-49	186
FUN_041681-T1	sp|P51813|BMX_HUMAN	32.180	289	170	5	962	1250	410	672	6.01e-50	189
FUN_041700-T1	sp|Q9Y5K3|PCY1B_HUMAN	54.608	293	103	6	53	323	36	320	5.16e-110	325
FUN_041710-T1	sp|Q9KDS9|ACCC_HALH5	48.307	443	226	2	49	491	1	440	1.71e-158	465
FUN_041758-T1	sp|P20153|USP_DROME	29.919	371	218	4	86	417	104	471	2.37e-47	169
FUN_041784-T1	sp|Q38997|KIN10_ARATH	37.218	266	158	4	16	278	14	273	1.25e-53	183
FUN_041815-T1	sp|Q92551|IP6K1_HUMAN	42.759	435	217	8	14	433	24	441	2.65e-110	332
FUN_041821-T1	sp|Q09711|NCS1_SCHPO	50.515	194	88	4	1	192	1	188	1.32e-59	184
FUN_041860-T1	sp|Q9NUN7|ACER3_HUMAN	46.502	243	129	1	18	259	8	250	1.27e-70	219
FUN_041903-T1	sp|Q80W94|MOGT2_MOUSE	40.062	322	168	6	13	323	24	331	9.39e-77	238
FUN_041932-T1	sp|P51813|BMX_HUMAN	39.231	260	148	6	530	788	412	662	1.80e-49	185
FUN_041938-T1	sp|Q8R4Z1|SPA12_RAT	29.504	383	256	10	48	430	43	411	2.33e-52	181
FUN_041945-T1	sp|Q16760|DGKD_HUMAN	47.202	1233	515	27	6	1179	50	1205	0.0	1010
FUN_041945-T2	sp|Q16760|DGKD_HUMAN	47.182	1242	520	27	38	1220	41	1205	0.0	1016
FUN_041963-T1	sp|O35547|ACSL4_RAT	53.683	706	321	5	6	709	7	708	0.0	779
FUN_042042-T1	sp|Q70VZ7|MOGT1_BOVIN	39.414	307	176	4	30	336	39	335	2.39e-68	216
FUN_042043-T1	sp|Q70VZ7|MOGT1_BOVIN	56.325	332	144	1	4	335	3	333	4.04e-136	389
FUN_042044-T1	sp|Q2KHS5|MOG2A_XENLA	55.245	286	126	2	2	287	52	335	1.96e-111	325
FUN_042128-T1	sp|P33527|MRP1_HUMAN	38.558	874	481	12	147	967	653	1523	0.0	590
FUN_042130-T1	sp|P33527|MRP1_HUMAN	25.586	981	602	23	9	873	209	1177	2.86e-84	295
FUN_042134-T1	sp|P33527|MRP1_HUMAN	34.501	1142	658	17	12	1102	421	1523	0.0	628
FUN_042134-T2	sp|P33527|MRP1_HUMAN	32.426	1360	784	23	9	1278	209	1523	0.0	675
FUN_042610-T1	sp|P42356|PI4KA_HUMAN	51.384	1806	813	25	242	2018	332	2101	0.0	1839
FUN_042618-T1	sp|Q8WWY8|LIPH_HUMAN	33.258	442	230	16	5	430	4	396	1.91e-60	204
FUN_042618-T2	sp|Q8WWY8|LIPH_HUMAN	32.880	441	231	16	5	429	5	396	1.92e-60	204
FUN_042636-T1	sp|Q6NT55|CP4FN_HUMAN	40.167	478	268	8	53	517	54	526	1.03e-125	377
FUN_042806-T1	sp|P61315|G3ST3_MOUSE	35.897	273	165	7	45	310	66	335	2.99e-49	171
FUN_042807-T1	sp|P51813|BMX_HUMAN	35.523	411	248	7	53	451	264	669	3.13e-78	256
FUN_042814-T1	sp|Q99104|MYO5A_MOUSE	36.721	738	417	12	17	718	70	793	2.69e-146	481
FUN_042814-T2	sp|Q99104|MYO5A_MOUSE	35.610	615	348	10	4	583	192	793	1.69e-111	378
FUN_042820-T1	sp|P41778|PBX1_MOUSE	72.917	384	74	5	34	411	39	398	0.0	518
FUN_042853-T1	sp|A0FI79|INP5E_PANTR	49.459	370	172	4	362	719	255	621	5.13e-124	384
FUN_042853-T2	sp|A0FI79|INP5E_PANTR	46.617	266	127	4	362	615	255	517	3.80e-76	254
FUN_042854-T1	sp|A0FI79|INP5E_PANTR	48.066	362	175	3	17	368	285	643	1.17e-116	352
FUN_042874-T1	sp|Q92643|GPI8_HUMAN	57.520	379	150	6	8	381	13	385	3.82e-161	457
FUN_042874-T2	sp|Q92643|GPI8_HUMAN	68.821	263	81	1	8	269	13	275	4.63e-144	410
FUN_042878-T1	sp|A0A2U1LIM9|NCPR1_ARTAN	29.677	620	400	12	10	606	98	704	5.89e-93	300
FUN_042911-T1	sp|P28329|CLAT_HUMAN	37.997	629	357	9	36	640	103	722	4.54e-140	426
FUN_042912-T1	sp|B0KWE9|DOPP1_CALJA	51.101	227	105	2	26	251	11	232	3.04e-84	251
FUN_042973-T1	sp|O77277|TORS_DROME	33.908	348	204	7	115	445	1	339	8.31e-63	206
FUN_042976-T1	sp|Q8BS35|ALKMO_MOUSE	58.582	268	110	1	17	284	137	403	3.92e-112	332
FUN_042982-T1	sp|A0JPQ8|ALKMO_RAT	58.566	251	103	1	17	267	137	386	1.58e-108	320
FUN_042987-T1	sp|O77277|TORS_DROME	35.241	332	196	6	10	330	12	335	3.65e-66	211
FUN_042989-T1	sp|Q8BS35|ALKMO_MOUSE	54.408	397	179	2	7	403	9	403	4.96e-158	454
FUN_043012-T1	sp|Q60714|S27A1_MOUSE	44.168	643	345	8	7	640	9	646	0.0	558
FUN_043012-T2	sp|Q60714|S27A1_MOUSE	44.255	644	343	8	7	640	9	646	0.0	540
FUN_043014-T1	sp|Q60714|S27A1_MOUSE	46.479	639	336	3	32	666	10	646	0.0	584
FUN_043037-T1	sp|Q5PQQ4|PIGC_RAT	51.014	296	139	2	8	301	2	293	1.92e-101	298
FUN_043108-T1	sp|O73853|CP17A_ICTPU	34.904	467	296	4	6	469	39	500	1.47e-101	313
FUN_043109-T1	sp|O73853|CP17A_ICTPU	35.141	498	315	4	5	499	8	500	1.49e-105	324
FUN_043110-T1	sp|O73853|CP17A_ICTPU	35.010	497	315	4	6	499	9	500	1.99e-105	323
FUN_043285-T1	sp|Q99943|PLCA_HUMAN	37.860	243	148	2	21	263	25	264	1.17e-56	182
FUN_043290-T1	sp|Q53GD3|CTL4_HUMAN	41.234	713	379	11	19	706	3	700	5.07e-176	519
FUN_043348-T1	sp|O95180|CAC1H_HUMAN	28.320	1137	660	26	459	1495	783	1864	3.79e-109	388
FUN_043365-T1	sp|A0A2Z4HPY5|EFUC_HORCR	52.649	302	116	6	59	340	72	366	1.69e-100	307
FUN_043368-T1	sp|Q16880|CGT_HUMAN	30.534	524	324	12	9	514	10	511	9.53e-69	229
FUN_043378-T1	sp|Q53GD3|CTL4_HUMAN	42.837	712	366	11	25	711	14	709	4.63e-174	514
FUN_043378-T2	sp|Q53GD3|CTL4_HUMAN	42.737	716	369	11	18	708	10	709	1.02e-174	516
FUN_043439-T1	sp|Q09711|NCS1_SCHPO	65.190	158	55	0	1	158	1	158	2.77e-73	219
FUN_043440-T1	sp|Q09711|NCS1_SCHPO	70.526	190	56	0	1	190	1	190	2.36e-98	282
FUN_043448-T1	sp|Q3UNX5|ACSM3_MOUSE	55.620	347	149	3	58	403	34	376	2.20e-144	422
FUN_043562-T1	sp|Q1JUZ1|NVD_DROME	38.537	410	231	9	55	448	14	418	5.70e-97	298
FUN_043563-T1	sp|O00562|PITM1_HUMAN	41.971	274	142	10	18	285	5	267	2.98e-60	209
FUN_043573-T1	sp|Q9JK48|SHLB1_MOUSE	53.719	363	151	2	10	355	2	364	6.23e-136	391
FUN_043573-T2	sp|Q9JK48|SHLB1_MOUSE	48.750	320	113	5	1	303	79	364	1.23e-97	291
FUN_043674-T1	sp|P0DOX0|C27C1_AQUCT	30.986	426	283	8	60	482	64	481	5.47e-67	224
FUN_044376-T1	sp|Q9FLW9|PKP2_ARATH	33.607	488	303	6	42	524	106	577	3.06e-87	280
FUN_044376-T2	sp|Q9FLW9|PKP2_ARATH	33.406	458	284	6	1	453	136	577	1.08e-77	253
FUN_044500-T1	sp|Q6T3U3|NPCL1_RAT	27.297	751	453	25	198	872	555	1288	5.35e-52	198
FUN_044500-T2	sp|Q6T3U3|NPCL1_RAT	27.569	613	368	19	41	587	686	1288	6.52e-41	160
FUN_044688-T1	sp|Q09711|NCS1_SCHPO	54.645	183	79	1	1	179	1	183	2.21e-68	206
FUN_044722-T1	sp|O77793|PA24A_HORSE	38.779	655	320	11	2	618	109	720	1.70e-152	457
FUN_044722-T2	sp|O77793|PA24A_HORSE	39.276	746	369	14	33	739	20	720	1.24e-175	521
FUN_045095-T1	sp|Q9C6Z3|ODPB2_ARATH	38.028	355	213	3	4	356	54	403	1.08e-85	264
FUN_045315-T1	sp|Q9Y6A2|CP46A_HUMAN	44.660	206	109	2	11	216	290	490	1.51e-54	181
FUN_045541-T1	sp|P00184|CP1A1_MOUSE	34.430	456	276	6	39	484	42	484	7.23e-95	297
