FUN_000184-T1	sp|Q6P5W5|S39A4_HUMAN	30.458	568	329	13	155	716	138	645	3.51e-64	222
FUN_000200-T1	sp|Q7SXN4|CPEB4_DANRE	43.200	250	131	5	226	468	376	621	3.01e-64	216
FUN_000223-T1	sp|Q9I7X6|CARME_DROME	40.323	372	196	4	32	383	30	395	5.83e-89	273
FUN_000286-T1	sp|Q9Z1P8|ANGL4_MOUSE	38.249	217	122	7	85	292	190	403	5.85e-42	146
FUN_000323-T1	sp|P08799|MYS2_DICDI	42.202	763	391	14	62	813	80	803	0.0	613
FUN_000323-T2	sp|P08799|MYS2_DICDI	32.894	1365	790	36	62	1380	80	1364	0.0	622
FUN_000323-T3	sp|P08799|MYS2_DICDI	42.202	763	391	14	62	813	80	803	0.0	616
FUN_000371-T1	sp|Q99260|YPT6_YEAST	46.154	169	87	3	10	175	11	178	6.06e-46	147
FUN_000418-T1	sp|A0A386KZI3|DABD_PSEMU	30.133	375	227	8	126	482	167	524	7.92e-51	179
FUN_000433-T1	sp|Q9GQ00|MOD1_CAEEL	27.074	458	301	12	86	523	35	479	8.24e-47	167
FUN_000473-T1	sp|Q9GQ00|MOD1_CAEEL	26.897	435	284	6	55	466	56	479	1.84e-56	192
FUN_000477-T1	sp|Q9GQ00|MOD1_CAEEL	33.213	277	167	5	57	324	56	323	2.87e-48	169
FUN_000478-T1	sp|Q9GQ00|MOD1_CAEEL	25.551	454	297	10	100	522	37	480	2.21e-49	174
FUN_000482-T1	sp|P30875|SSR2_MOUSE	33.569	283	172	8	38	309	50	327	2.03e-46	160
FUN_000489-T1	sp|P34138|PTP2_DICDI	33.945	327	132	8	2448	2704	39	351	2.58e-49	178
FUN_000502-T1	sp|Q00168|KCC2A_DROME	62.963	513	152	4	2	477	5	516	0.0	658
FUN_000518-T1	sp|O13289|CATA_CANAL	51.250	480	222	7	24	495	5	480	5.53e-163	468
FUN_000529-T1	sp|O13289|CATA_CANAL	51.579	475	224	5	24	493	5	478	6.59e-164	470
FUN_000621-T1	sp|O97125|HSP68_DROME	69.449	635	190	3	7	641	2	632	0.0	927
FUN_000629-T1	sp|O97125|HSP68_DROME	69.592	638	186	5	30	665	2	633	0.0	922
FUN_000632-T1	sp|O97125|HSP68_DROME	75.000	608	150	1	7	614	2	607	0.0	967
FUN_000637-T1	sp|O97125|HSP68_DROME	73.710	620	160	2	7	626	2	618	0.0	965
FUN_000857-T1	sp|O96621|ARP2_DICDI	40.155	386	213	4	8	375	3	388	2.07e-101	302
FUN_000898-T1	sp|Q8JZP9|GA2L1_MOUSE	36.059	269	145	8	7	253	10	273	1.02e-42	152
FUN_000914-T1	sp|Q6DCV0|WIPI4_XENLA	60.795	352	126	3	1	340	1	352	5.69e-162	454
FUN_000932-T1	sp|Q64617|KPCL_RAT	38.333	300	180	4	392	688	348	645	5.11e-64	222
FUN_000960-T1	sp|Q42560|ACO1_ARATH	64.397	896	313	3	3	892	2	897	0.0	1199
FUN_000977-T1	sp|P09208|INSR_DROME	35.374	294	158	7	580	844	1360	1650	1.81e-52	196
FUN_000988-T1	sp|P27133|COROA_DICDI	42.172	396	221	7	8	403	3	390	2.12e-105	322
FUN_000992-T1	sp|P16378|GNAO_DROME	50.298	336	164	2	19	352	19	353	3.12e-113	330
FUN_001081-T1	sp|Q00168|KCC2A_DROME	67.262	504	129	2	13	480	10	513	0.0	695
FUN_001141-T1	sp|Q5RBG4|KAT5_PONAB	54.244	271	118	2	447	712	183	452	1.61e-96	310
FUN_001172-T1	sp|Q9U2X0|ANM1_CAEEL	45.902	305	161	3	205	506	25	328	2.41e-91	280
FUN_001176-T1	sp|P23739|SUIS_RAT	45.880	898	439	15	33	913	76	943	0.0	777
FUN_001185-T1	sp|P98166|VLDLR_RAT	37.677	706	395	19	31	712	72	756	2.86e-151	465
FUN_001192-T1	sp|P10592|HSP72_YEAST	37.673	507	309	3	1	507	1	500	4.17e-119	361
FUN_001193-T1	sp|P41596|DOPR1_DROME	36.697	327	181	8	28	332	143	465	1.11e-53	182
FUN_001196-T1	sp|Q59KY8|SIT4_CANAL	63.312	308	104	3	5	303	7	314	1.02e-150	422
FUN_001208-T1	sp|Q99260|YPT6_YEAST	39.130	207	120	5	8	210	9	213	1.03e-45	148
FUN_001214-T1	sp|Q59KY8|SIT4_CANAL	57.605	309	120	4	15	313	7	314	2.40e-134	381
FUN_001215-T1	sp|Q9M9W8|PLDZ2_ARATH	45.378	357	165	8	638	970	695	1045	1.96e-86	296
FUN_001241-T1	sp|Q5A761|CCR4_CANAL	35.472	530	276	12	28	533	290	777	6.14e-105	330
FUN_001264-T1	sp|Q55CL6|MP2K1_DICDI	49.010	202	96	3	153	347	291	492	3.36e-56	194
FUN_001271-T1	sp|P87253|KPC1_NEUCR	37.333	300	181	4	422	717	812	1108	1.21e-60	218
FUN_001290-T1	sp|Q43260|DHE3_MAIZE	43.353	346	176	5	96	440	35	361	2.52e-87	272
FUN_001342-T1	sp|Q923E4|SIR1_MOUSE	48.852	479	214	4	101	550	171	647	1.94e-160	480
FUN_001344-T1	sp|P34117|CDK5_DICDI	58.621	290	119	1	12	301	1	289	1.94e-129	368
FUN_001369-T1	sp|Q00960|NMDE2_RAT	28.489	867	557	27	4	843	13	843	2.38e-103	348
FUN_001396-T1	sp|P56500|UCP2_RAT	56.463	294	117	3	10	300	11	296	3.78e-118	339
FUN_001402-T1	sp|P32253|RASC_DICDI	54.974	191	81	3	9	198	3	189	2.69e-72	214
FUN_001416-T1	sp|Q00168|KCC2A_DROME	37.262	263	161	2	30	292	14	272	1.31e-52	182
FUN_001463-T1	sp|Q5S007|LRRK2_HUMAN	33.669	1589	957	35	720	2267	987	2519	0.0	865
FUN_001593-T1	sp|O61125|STK4_DICDI	42.657	286	155	3	28	311	15	293	5.27e-77	259
FUN_001654-T1	sp|O18640|GBLP_DROME	74.841	314	78	1	1	313	1	314	3.47e-177	489
FUN_001668-T1	sp|Q9MAX3|SUT12_ARATH	27.644	662	379	17	89	731	64	644	2.47e-51	186
FUN_001794-T1	sp|A0A386KZI3|DABD_PSEMU	27.700	426	262	11	87	485	127	533	1.75e-42	156
FUN_001856-T1	sp|P23739|SUIS_RAT	42.614	880	464	15	29	889	80	937	0.0	675
FUN_002080-T1	sp|P08069|IGF1R_HUMAN	40.727	275	159	2	483	754	990	1263	1.91e-64	233
FUN_002080-T2	sp|P09208|INSR_DROME	39.163	263	144	4	483	730	1362	1623	1.07e-56	207
FUN_002102-T1	sp|P09208|INSR_DROME	37.413	286	171	3	528	806	1362	1646	1.46e-60	221
FUN_002103-T1	sp|P09208|INSR_DROME	38.047	297	166	6	310	593	1360	1651	5.90e-62	221
FUN_002379-T1	sp|P34117|CDK5_DICDI	59.862	289	114	2	157	444	1	288	5.10e-124	361
FUN_002429-T1	sp|P09215|KPCD_RAT	52.511	697	297	8	3	697	4	668	0.0	730
FUN_002429-T2	sp|P09215|KPCD_RAT	52.492	602	256	7	3	602	4	577	0.0	630
FUN_002435-T1	sp|O96621|ARP2_DICDI	48.549	379	180	4	4	367	2	380	2.30e-132	381
FUN_002457-T1	sp|P79365|GTR1_SHEEP	34.218	339	184	11	49	363	19	342	1.02e-44	162
FUN_002667-T1	sp|P20961|PAI1_RAT	33.426	359	221	8	32	381	53	402	6.29e-49	167
FUN_002682-T1	sp|P09208|INSR_DROME	29.806	463	282	10	232	680	1224	1657	5.39e-60	216
FUN_002683-T1	sp|P09208|INSR_DROME	31.453	461	264	19	98	541	1226	1651	3.81e-60	213
FUN_002737-T1	sp|Q8WTW4|NPRL2_HUMAN	52.736	402	165	5	7	407	3	380	1.19e-145	416
FUN_002878-T1	sp|P08069|IGF1R_HUMAN	31.293	294	186	5	9	298	990	1271	2.05e-43	157
FUN_003165-T1	sp|Q54QV3|YAKA_DICDI	37.731	379	185	6	167	502	178	548	1.97e-74	255
FUN_003453-T1	sp|P9WQE9|PHAS_MYCTU	25.838	2059	1288	67	870	2828	27	1946	3.62e-150	518
FUN_003587-T1	sp|P08069|IGF1R_HUMAN	41.343	283	159	3	60	342	992	1267	7.32e-66	223
FUN_003627-T1	sp|Q9Z1P8|ANGL4_MOUSE	37.615	218	130	3	145	357	189	405	4.66e-47	162
FUN_003689-T1	sp|Q9Z1P8|ANGL4_MOUSE	37.156	218	130	4	145	356	189	405	5.89e-45	156
FUN_003720-T1	sp|Q9Z1P8|ANGL4_MOUSE	37.156	218	131	3	145	357	189	405	6.84e-46	159
FUN_003721-T1	sp|Q9Z1P8|ANGL4_MOUSE	36.574	216	126	5	145	350	189	403	7.69e-42	147
FUN_003853-T1	sp|Q9SGU9|MGL_ARATH	30.833	360	232	9	36	383	72	426	3.73e-43	153
FUN_003854-T1	sp|Q9SGU9|MGL_ARATH	33.623	345	198	11	58	383	94	426	2.54e-47	164
FUN_003887-T1	sp|Q5AHG6|SCH9_CANAL	41.853	313	168	6	23	322	373	684	3.14e-77	249
FUN_003887-T2	sp|Q5AHG6|SCH9_CANAL	41.049	324	181	6	12	327	363	684	1.61e-77	250
FUN_003896-T1	sp|A5DIP0|DHH1_PICGU	31.250	368	235	4	482	849	29	378	1.27e-51	187
FUN_003903-T1	sp|Q9Z1P8|ANGL4_MOUSE	30.421	309	203	7	56	356	101	405	1.42e-43	152
FUN_003991-T1	sp|Q0GGW5|STK11_CHICK	73.077	104	28	0	36	139	23	126	5.03e-42	141
FUN_003992-T1	sp|Q0GGW5|STK11_CHICK	65.909	132	44	1	28	158	212	343	1.57e-54	180
FUN_004006-T1	sp|P32253|RASC_DICDI	38.462	195	110	4	1	194	4	189	1.21e-43	141
FUN_004038-T1	sp|Q9GPF1|AP3M_DICDI	31.435	439	263	11	3	422	2	421	1.57e-61	202
FUN_004054-T1	sp|P32561|RPD3_YEAST	56.633	392	167	3	3	394	18	406	4.95e-171	483
FUN_004056-T1	sp|Q5AP53|CBK1_CANAL	35.530	349	174	5	523	826	333	675	1.48e-67	240
FUN_004099-T1	sp|Q9V3P0|PRDX2_DROME	69.681	188	56	1	6	193	4	190	1.81e-97	278
FUN_004099-T2	sp|Q9V3P0|PRDX2_DROME	69.312	189	57	1	68	256	4	191	6.91e-97	279
FUN_004117-T1	sp|P22082|SNF2_YEAST	30.426	493	312	12	185	676	766	1228	2.07e-58	213
FUN_004160-T1	sp|O77203|PIAA_DICDI	31.663	998	622	17	32	994	49	1021	6.88e-142	469
FUN_004174-T1	sp|P34138|PTP2_DICDI	33.441	311	135	8	2261	2506	47	350	1.38e-48	176
FUN_004225-T1	sp|Q5RDH5|AAPK1_PONAB	35.613	351	215	5	94	438	18	363	1.09e-67	223
FUN_004264-T1	sp|Q99683|M3K5_HUMAN	37.643	263	143	7	847	1102	685	933	2.45e-50	191
FUN_004293-T1	sp|Q5T011|SZT2_HUMAN	32.590	2602	1417	74	2	2472	1	2396	0.0	1130
FUN_004298-T1	sp|Q99260|YPT6_YEAST	36.408	206	124	5	22	221	11	215	4.06e-41	136
FUN_004301-T1	sp|Q99260|YPT6_YEAST	37.264	212	121	4	12	218	11	215	5.16e-41	136
FUN_004308-T1	sp|P08155|KRH1_DROME	42.077	183	99	2	111	286	282	464	8.33e-42	155
FUN_004332-T1	sp|Q59NH8|CDC14_CANAL	41.270	315	177	4	12	323	12	321	1.94e-78	251
FUN_004346-T1	sp|Q09137|AAPK2_RAT	58.865	564	177	9	37	566	9	551	0.0	650
FUN_004361-T1	sp|Q9U2X0|ANM1_CAEEL	35.621	306	179	10	1	299	40	334	6.14e-49	167
FUN_004405-T1	sp|B2GV06|SCOT1_RAT	69.461	501	152	1	21	520	19	519	0.0	720
FUN_004424-T1	sp|Q9GQ00|MOD1_CAEEL	30.547	311	202	8	41	340	35	342	7.68e-45	160
FUN_004424-T2	sp|Q9GQ00|MOD1_CAEEL	31.119	286	185	6	21	295	58	342	5.42e-45	159
FUN_004465-T1	sp|Q9MAM1|CIPK9_ARATH	34.981	263	167	3	49	308	19	280	8.77e-46	166
FUN_004511-T1	sp|P09208|INSR_DROME	35.507	276	152	5	427	677	1369	1643	5.81e-48	180
FUN_004547-T1	sp|Q8IPH9|SLOB_DROME	36.964	303	173	6	56	341	148	449	1.45e-59	201
FUN_004556-T1	sp|P06242|KIN28_YEAST	47.682	302	147	3	62	360	4	297	1.46e-96	288
FUN_004556-T2	sp|P06242|KIN28_YEAST	47.682	302	147	3	62	360	4	297	1.54e-96	288
FUN_004560-T1	sp|D3ZYW7|FRDA_RAT	55.932	118	52	0	61	178	86	203	2.62e-45	145
FUN_004624-T1	sp|Q5S006|LRRK2_MOUSE	29.212	914	498	23	282	1169	1012	1802	1.58e-102	366
FUN_004643-T1	sp|P08155|KRH1_DROME	42.254	213	119	2	88	298	258	468	5.95e-48	173
FUN_004690-T1	sp|Q07878|VPS13_YEAST	28.304	855	519	27	16	799	15	846	9.76e-76	280
FUN_004736-T1	sp|P30125|LEU3_ECOLI	31.778	343	193	11	43	354	7	339	6.38e-43	150
FUN_004740-T1	sp|P15064|RASG_DICDI	53.846	182	83	1	12	193	1	181	1.04e-62	190
FUN_004752-T1	sp|Q9P8I0|PUT2_EMENI	28.931	477	303	15	422	871	79	546	2.00e-43	163
FUN_004791-T1	sp|P56705|WNT4_HUMAN	38.251	366	199	8	3	356	1	351	3.86e-77	238
FUN_004851-T1	sp|P08069|IGF1R_HUMAN	35.017	297	175	9	388	674	971	1259	7.72e-52	191
FUN_004895-T1	sp|P40417|ERKA_DROME	43.429	350	180	6	10	355	34	369	1.20e-91	281
FUN_004900-T1	sp|P15801|DPOG_YEAST	48.649	481	185	8	749	1223	551	975	9.18e-138	449
FUN_004919-T1	sp|Q00168|KCC2A_DROME	39.672	305	166	8	25	319	20	316	1.44e-66	215
FUN_005030-T1	sp|P32183|FOXA3_RAT	63.725	102	36	1	97	198	118	218	1.93e-42	147
FUN_005032-T1	sp|P22082|SNF2_YEAST	45.090	499	230	9	423	893	755	1237	3.60e-122	421
FUN_005032-T2	sp|P22082|SNF2_YEAST	44.960	496	235	8	534	1004	755	1237	8.10e-122	421
FUN_005036-T1	sp|P55318|FOXA3_HUMAN	60.305	131	52	0	18	148	104	234	5.37e-54	176
FUN_005113-T1	sp|O61734|CYCL_DROME	41.247	417	213	11	27	420	4	411	4.54e-98	306
FUN_005113-T2	sp|O61734|CYCL_DROME	40.761	368	193	9	1	345	46	411	4.03e-86	273
FUN_005120-T1	sp|P24049|RL17_RAT	80.723	166	30	1	1	166	1	164	2.75e-100	284
FUN_005132-T1	sp|P07953|F261_RAT	59.909	439	174	2	8	445	33	470	0.0	550
FUN_005133-T1	sp|Q5A6T5|STE7_CANAL	43.671	316	137	8	74	355	243	551	4.91e-76	243
FUN_005251-T1	sp|Q9U325|MEF2_CAEEL	85.870	92	13	0	1	92	1	92	1.26e-53	181
FUN_005316-T1	sp|P14832|CYPH_YEAST	65.823	158	54	0	187	344	3	160	3.61e-71	216
FUN_005371-T1	sp|Q54NW4|LIMB_DICDI	37.342	316	181	6	16	328	211	512	1.76e-64	210
FUN_005372-T1	sp|P63018|HSP7C_RAT	82.353	493	86	1	1	493	122	613	0.0	844
FUN_005372-T2	sp|P63018|HSP7C_RAT	82.623	610	105	1	4	613	5	613	0.0	1062
FUN_005380-T1	sp|P63018|HSP7C_RAT	78.398	412	88	1	4	415	5	415	0.0	677
FUN_005381-T1	sp|P63018|HSP7C_RAT	82.075	106	19	0	4	109	5	110	1.52e-60	192
FUN_005454-T1	sp|P14832|CYPH_YEAST	64.286	140	50	0	29	168	3	142	1.35e-62	189
FUN_005454-T2	sp|P14832|CYPH_YEAST	64.286	140	50	0	29	168	3	142	1.35e-62	189
FUN_005455-T1	sp|P14832|CYPH_YEAST	59.748	159	64	0	44	202	2	160	6.90e-66	197
FUN_005467-T1	sp|P15127|INSR_RAT	38.298	1363	705	39	51	1373	39	1305	0.0	842
FUN_005467-T2	sp|P15127|INSR_RAT	38.722	1330	679	39	1	1290	72	1305	0.0	825
FUN_005474-T1	sp|Q5ZJH6|ULK3_CHICK	55.809	439	187	3	13	444	8	446	4.16e-171	487
FUN_005814-T1	sp|P08069|IGF1R_HUMAN	34.839	310	181	7	347	637	970	1277	3.34e-58	209
FUN_005832-T1	sp|P56705|WNT4_HUMAN	38.636	352	201	6	8	356	12	351	3.29e-90	271
FUN_005832-T2	sp|O70283|WNT2B_MOUSE	42.188	320	172	7	42	357	68	378	7.76e-83	254
FUN_005856-T1	sp|P56705|WNT4_HUMAN	40.426	329	175	6	64	392	43	350	3.82e-85	260
FUN_005883-T1	sp|Q8T9S7|PTEN_DICDI	46.067	178	91	2	225	402	6	178	1.01e-51	182
FUN_005908-T1	sp|P13587|ATN1_YEAST	26.845	935	502	25	82	910	44	902	4.59e-73	261
FUN_005961-T1	sp|P08069|IGF1R_HUMAN	35.106	282	141	3	255	500	992	1267	1.38e-47	175
FUN_005999-T1	sp|Q00168|KCC2A_DROME	41.297	293	167	3	391	679	14	305	1.04e-68	233
FUN_006002-T1	sp|C8VPS9|EASA_EMENI	27.329	644	384	19	7	600	4724	5333	4.99e-47	182
FUN_006007-T1	sp|Q9MAM1|CIPK9_ARATH	35.907	259	163	2	54	312	19	274	6.25e-55	182
FUN_006038-T1	sp|Q9MAX3|SUT12_ARATH	26.833	682	394	14	64	732	64	653	2.27e-52	189
FUN_006040-T1	sp|Q9P2J5|SYLC_HUMAN	62.662	1082	386	5	40	1105	3	1082	0.0	1432
FUN_006104-T1	sp|Q5A960|HDA1_CANAL	44.898	294	147	4	6	285	144	436	5.56e-82	261
FUN_006411-T1	sp|P22855|MAN1_YEAST	36.613	1057	545	30	3	998	91	1083	0.0	603
FUN_006578-T1	sp|Q00168|KCC2A_DROME	35.862	290	168	7	22	304	10	288	1.94e-48	167
FUN_006580-T1	sp|P08069|IGF1R_HUMAN	31.510	384	210	10	1520	1899	936	1270	1.54e-54	207
FUN_006581-T1	sp|P08069|IGF1R_HUMAN	27.992	493	287	11	240	711	838	1283	8.75e-58	213
FUN_006602-T1	sp|Q20500|PLA2_CAEEL	28.050	795	475	25	58	809	315	1055	8.50e-84	286
FUN_006613-T2	sp|Q9MAX3|SUT12_ARATH	30.150	534	312	11	75	598	71	553	1.57e-49	182
FUN_006619-T1	sp|O97125|HSP68_DROME	34.474	380	228	12	3	373	119	486	2.79e-53	192
FUN_006704-T1	sp|Q5A762|MLT1_CANAL	31.631	509	317	8	558	1036	1091	1598	1.40e-71	261
FUN_006727-T1	sp|P34117|CDK5_DICDI	36.986	292	173	5	1	288	1	285	2.18e-63	212
FUN_006729-T1	sp|P29147|BDH_RAT	44.361	266	131	5	43	297	56	315	5.72e-70	219
FUN_006768-T1	sp|Q03135|CAV1_HUMAN	47.020	151	72	3	3	152	33	176	2.11e-50	156
FUN_006778-T1	sp|P08069|IGF1R_HUMAN	31.746	378	212	6	777	1154	947	1278	1.06e-54	206
FUN_006781-T1	sp|P09208|INSR_DROME	51.034	145	71	0	2	146	1499	1643	5.20e-49	166
FUN_006790-T1	sp|P09208|INSR_DROME	32.298	483	253	13	807	1269	1316	1744	3.90e-59	221
FUN_006797-T1	sp|Q9WTN3|SRBP1_MOUSE	40.086	928	457	25	342	1213	247	1131	1.96e-177	551
FUN_006861-T1	sp|P29288|PPA5_RAT	46.488	299	157	3	23	320	28	324	1.43e-100	296
FUN_006862-T1	sp|P29288|PPA5_RAT	45.819	299	158	4	23	320	28	323	7.37e-98	289
FUN_006864-T1	sp|Q9P8I0|PUT2_EMENI	28.238	471	305	15	59	504	79	541	1.52e-44	162
FUN_006864-T2	sp|Q9P8I0|PUT2_EMENI	28.238	471	305	15	59	504	79	541	1.38e-44	162
FUN_006898-T1	sp|O94168|SNF1_CANTR	49.826	287	135	6	7	288	45	327	4.90e-83	270
FUN_006940-T1	sp|Q5PQT2|MTMR3_RAT	37.414	580	274	13	38	555	21	573	2.10e-111	358
FUN_006979-T1	sp|Q86JF2|LVSB_DICDI	32.081	745	412	23	2006	2722	3423	4101	3.43e-106	379
FUN_007053-T1	sp|Q7K0S9|GLIS2_DROME	58.385	161	62	3	242	399	130	288	1.04e-58	193
FUN_007060-T1	sp|P41596|DOPR1_DROME	32.544	338	191	6	39	354	139	461	1.03e-42	152
FUN_007121-T1	sp|Q9GQ00|MOD1_CAEEL	26.562	448	273	10	57	454	35	476	1.23e-51	179
FUN_007166-T1	sp|Q9GQ00|MOD1_CAEEL	29.688	448	262	11	47	449	37	476	4.36e-65	214
FUN_007794-T1	sp|Q8VY10|UBC24_ARATH	36.402	239	136	5	4	242	664	886	1.28e-42	151
FUN_007813-T2	sp|A0A386KZI3|DABD_PSEMU	26.263	495	320	11	12	476	49	528	5.75e-43	157
FUN_007816-T1	sp|A0A386KZI3|DABD_PSEMU	30.184	381	225	10	122	475	162	528	2.41e-42	156
FUN_007823-T1	sp|A0A0K3AV08|MLK1_CAEEL	36.170	376	187	12	35	365	76	443	5.34e-58	213
FUN_007852-T1	sp|P24008|S5A1_RAT	51.938	258	120	1	11	268	6	259	1.04e-90	266
FUN_007852-T2	sp|P24008|S5A1_RAT	46.277	188	97	1	11	198	6	189	1.62e-53	169
FUN_007860-T1	sp|P22082|SNF2_YEAST	33.247	388	221	9	424	789	695	1066	2.40e-67	249
FUN_007871-T1	sp|Q5PQT2|MTMR3_RAT	34.732	429	227	11	301	687	156	573	6.07e-64	233
FUN_007955-T1	sp|P9WQJ9|IRTA_MYCTU	43.083	253	131	4	418	670	594	833	3.69e-51	187
FUN_007961-T1	sp|Q00168|KCC2A_DROME	36.513	304	179	6	12	312	12	304	4.50e-62	204
FUN_007973-T1	sp|Q86JF2|LVSB_DICDI	48.378	370	173	5	3204	3564	3426	3786	4.10e-101	363
FUN_007976-T1	sp|F1LQ48|HNRPL_RAT	48.756	201	98	1	41	241	91	286	1.99e-57	197
FUN_007994-T1	sp|P24062|IGF1R_RAT	33.429	347	201	5	263	601	939	1263	1.47e-56	203
FUN_007994-T2	sp|P24062|IGF1R_RAT	33.429	347	201	5	300	638	939	1263	8.40e-56	202
FUN_007995-T1	sp|P15127|INSR_RAT	38.095	315	170	6	761	1053	985	1296	2.01e-55	207
FUN_007997-T1	sp|Q75BS4|DHH1_EREGS	31.755	359	214	7	137	493	30	359	1.60e-43	159
FUN_008006-T1	sp|Q4WR83|SIDI_ASPFU	28.491	530	334	16	587	1079	49	570	1.40e-57	206
FUN_008015-T1	sp|Q4WR83|SIDI_ASPFU	27.500	560	345	17	28	545	49	589	3.77e-49	177
FUN_008020-T1	sp|Q00372|SNF1_CANGA	44.910	334	165	5	44	359	36	368	7.10e-93	301
FUN_008020-T2	sp|Q00372|SNF1_CANGA	44.910	334	165	5	60	375	36	368	3.77e-93	301
FUN_008081-T1	sp|P29147|BDH_RAT	44.061	261	136	5	39	289	55	315	3.56e-73	226
FUN_008099-T1	sp|Q15139|KPCD1_HUMAN	56.940	843	317	18	14	829	53	876	0.0	916
FUN_008122-T1	sp|Q5A762|MLT1_CANAL	31.940	1340	737	31	375	1583	303	1598	0.0	642
FUN_008187-T1	sp|Q64617|KPCL_RAT	40.290	345	188	7	28	366	349	681	1.67e-78	263
FUN_008188-T1	sp|Q9JMI1|AACS_RAT	25.161	620	431	16	42	644	46	649	1.84e-46	172
FUN_008190-T1	sp|Q6ZNE5|BAKOR_HUMAN	33.763	465	268	12	23	469	43	485	1.26e-75	243
FUN_008214-T1	sp|Q9VCU9|DCR1_DROME	28.088	680	415	18	565	1225	774	1398	4.53e-62	233
FUN_008214-T2	sp|Q9VCU9|DCR1_DROME	28.088	680	415	18	565	1225	774	1398	4.46e-62	232
FUN_008215-T1	sp|Q8VCX6|KPTN_MOUSE	43.038	395	203	8	12	401	15	392	5.37e-106	317
FUN_008243-T1	sp|Q5A762|MLT1_CANAL	36.549	539	290	11	28	522	1070	1600	4.12e-102	333
FUN_008243-T2	sp|Q5A762|MLT1_CANAL	31.579	798	409	22	1	686	828	1600	7.58e-108	355
FUN_008256-T1	sp|A3LWX3|DHH1_PICST	32.782	363	241	3	8	370	31	390	8.37e-60	200
FUN_008261-T1	sp|P29147|BDH_RAT	40.996	261	145	4	45	297	56	315	3.07e-62	198
FUN_008270-T1	sp|Q99260|YPT6_YEAST	37.895	190	114	3	9	196	11	198	3.89e-41	135
FUN_008271-T1	sp|Q99260|YPT6_YEAST	36.946	203	116	3	12	202	11	213	4.63e-41	135
FUN_008278-T1	sp|Q5RBG4|KAT5_PONAB	66.809	470	115	8	19	461	6	461	0.0	621
FUN_008282-T1	sp|Q9VCU9|DCR1_DROME	39.162	549	280	16	1075	1578	1703	2242	4.17e-95	338
FUN_008367-T1	sp|Q5S007|LRRK2_HUMAN	31.768	639	376	17	299	916	1129	1728	3.54e-74	273
FUN_008409-T1	sp|Q9Z1P8|ANGL4_MOUSE	38.636	220	123	5	108	318	187	403	4.84e-46	158
FUN_008414-T1	sp|Q9Z1P8|ANGL4_MOUSE	36.818	220	128	5	108	319	187	403	1.72e-41	145
FUN_008418-T1	sp|O96621|ARP2_DICDI	70.423	355	105	0	1	355	33	387	0.0	541
FUN_008427-T1	sp|Q9LPL5|ODBA1_ARATH	51.200	375	183	0	1	375	93	467	5.20e-148	424
FUN_008427-T2	sp|Q9LPL5|ODBA1_ARATH	54.328	335	153	0	1	335	133	467	3.18e-142	408
FUN_008436-T1	sp|Q54PQ4|GEFA_DICDI	31.746	441	245	11	603	1027	201	601	5.21e-60	214
FUN_008446-T1	sp|Q5AAW3|DHH1_CANAL	42.276	369	211	2	31	399	31	397	4.32e-103	313
FUN_008450-T1	sp|P08069|IGF1R_HUMAN	32.787	305	178	6	1506	1796	988	1279	2.06e-44	174
FUN_008499-T1	sp|P98166|VLDLR_RAT	30.882	408	225	14	1135	1528	379	743	6.91e-41	160
FUN_008545-T1	sp|Q6C2X0|KAPR_YARLI	36.053	380	217	8	3	365	1	371	1.03e-67	216
FUN_008545-T2	sp|P07278|KAPR_YEAST	41.429	280	153	3	38	316	142	411	4.92e-68	216
FUN_008663-T1	sp|Q42586|UMPS_ARATH	52.017	471	207	6	8	463	7	473	5.41e-171	486
FUN_008710-T1	sp|Q5RB81|SUV91_PONAB	50.000	310	136	5	168	463	107	411	2.13e-92	283
FUN_008713-T1	sp|Q00168|KCC2A_DROME	45.489	266	143	2	12	275	9	274	7.64e-80	249
FUN_008713-T2	sp|Q00168|KCC2A_DROME	45.489	266	143	2	39	302	9	274	2.14e-79	249
FUN_008758-T1	sp|P09208|INSR_DROME	28.571	434	256	9	238	653	1224	1621	1.27e-49	184
FUN_008758-T2	sp|P09208|INSR_DROME	28.511	470	282	9	238	689	1224	1657	2.40e-57	208
FUN_008906-T1	sp|Q96MD2|KICS2_HUMAN	45.107	419	211	5	52	462	38	445	1.05e-121	359
FUN_008911-T1	sp|Q9VW60|ADCY2_DROME	52.734	256	115	2	890	1141	1046	1299	2.46e-72	261
FUN_009006-T1	sp|Q66HE5|NUAK2_RAT	37.993	279	152	6	914	1186	55	318	3.41e-49	182
FUN_009006-T2	sp|Q66HE5|NUAK2_RAT	37.993	279	152	6	736	1008	55	318	4.33e-49	182
FUN_009053-T1	sp|Q8TF40|FNIP1_HUMAN	37.853	531	268	14	39	520	33	550	3.09e-102	344
FUN_009053-T2	sp|Q8TF40|FNIP1_HUMAN	42.271	317	159	6	1	300	241	550	1.99e-74	260
FUN_009054-T1	sp|A0A386KZI3|DABD_PSEMU	27.249	378	247	8	126	482	167	537	3.35e-41	152
FUN_009353-T1	sp|Q99K70|RRAGC_MOUSE	73.158	380	82	3	11	370	14	393	0.0	549
FUN_009656-T1	sp|P61983|1433G_RAT	61.355	251	85	4	16	264	5	245	4.26e-102	295
FUN_009671-T1	sp|Q924A0|TF7L2_MOUSE	64.062	128	29	1	246	356	330	457	5.15e-49	169
FUN_009833-T1	sp|Q00168|KCC2A_DROME	30.163	368	241	8	47	403	10	372	1.11e-49	182
FUN_009835-T1	sp|Q00168|KCC2A_DROME	30.368	326	212	8	37	353	2	321	1.13e-45	172
FUN_009837-T1	sp|P11166|GTR1_HUMAN	30.567	494	293	14	14	476	2	476	8.38e-55	188
FUN_009839-T1	sp|P11167|GTR1_RAT	29.371	429	259	9	56	468	70	470	4.21e-48	169
FUN_009840-T1	sp|P17809|GTR1_MOUSE	28.404	426	262	9	56	465	70	468	3.33e-43	156
FUN_009841-T1	sp|P11166|GTR1_HUMAN	31.354	421	244	10	1	404	77	469	4.19e-48	168
FUN_009841-T2	sp|P11167|GTR1_RAT	31.294	425	253	8	80	490	70	469	6.43e-49	172
FUN_009842-T1	sp|P79365|GTR1_SHEEP	29.132	484	283	11	38	492	19	471	9.43e-52	180
FUN_009843-T1	sp|P11167|GTR1_RAT	28.831	496	302	10	25	497	3	470	1.50e-50	177
FUN_009857-T1	sp|P02994|EF1A_YEAST	78.202	445	95	1	1	445	1	443	0.0	731
FUN_009857-T2	sp|P02994|EF1A_YEAST	78.202	445	95	1	1	445	1	443	0.0	731
FUN_010519-T1	sp|Q9P940|TPIS_CANAL	51.210	248	120	1	1	247	1	248	6.77e-91	265
FUN_010600-T1	sp|Q9Z1P8|ANGL4_MOUSE	37.333	225	124	5	195	408	185	403	5.03e-44	155
FUN_010603-T1	sp|Q00168|KCC2A_DROME	36.304	303	143	8	13	303	8	272	1.98e-49	174
FUN_010613-T1	sp|P08799|MYS2_DICDI	32.692	832	425	26	34	836	81	806	1.49e-116	392
FUN_010614-T1	sp|Q59X38|PESC_CANAL	40.948	464	231	9	1	432	1	453	4.10e-112	342
FUN_010640-T1	sp|P05198|IF2A_HUMAN	70.794	315	90	2	1	313	1	315	7.30e-166	461
FUN_010716-T1	sp|P08069|IGF1R_HUMAN	35.959	292	164	7	237	509	990	1277	4.04e-51	184
FUN_010717-T1	sp|P15127|INSR_RAT	37.778	270	150	5	240	491	1015	1284	6.32e-54	193
FUN_010735-T1	sp|P08069|IGF1R_HUMAN	39.630	270	148	3	234	488	990	1259	1.37e-55	198
FUN_010760-T1	sp|O35186|CATK_RAT	36.970	330	187	6	211	533	6	321	2.50e-63	214
FUN_010765-T1	sp|P07154|CATL1_RAT	48.125	320	140	9	24	328	25	333	1.11e-95	284
FUN_010779-T1	sp|Q5RBG4|KAT5_PONAB	42.396	434	194	8	63	443	22	452	9.83e-117	347
FUN_010807-T1	sp|Q9JMI1|AACS_RAT	23.474	639	438	17	30	656	43	642	1.33e-47	175
FUN_010814-T1	sp|Q64617|KPCL_RAT	43.478	345	186	4	144	486	342	679	3.26e-97	305
FUN_010818-T1	sp|Q64617|KPCL_RAT	40.000	385	216	5	82	453	269	651	8.63e-94	295
FUN_010832-T1	sp|Q13118|KLF10_HUMAN	56.983	179	66	3	174	350	309	478	4.42e-65	211
FUN_010919-T1	sp|P27708|PYR1_HUMAN	64.333	2257	742	15	9	2238	2	2222	0.0	2973
FUN_010920-T1	sp|Q54X82|AP1B_DICDI	74.443	583	146	2	1	583	1	580	0.0	901
FUN_010941-T1	sp|P42525|ERK1_DICDI	42.448	384	191	7	29	405	136	496	1.68e-99	304
FUN_010949-T1	sp|P22082|SNF2_YEAST	40.784	510	257	11	32	515	762	1252	8.76e-109	366
FUN_010986-T1	sp|Q64617|KPCL_RAT	36.364	264	165	2	77	339	345	606	6.77e-56	193
FUN_011048-T1	sp|Q13615|MTMR3_HUMAN	53.422	599	261	6	1	598	1	582	0.0	662
FUN_011066-T1	sp|P02994|EF1A_YEAST	51.408	142	66	1	1	142	73	211	1.24e-46	155
FUN_011277-T1	sp|P25870|CLH_DICDI	57.847	1542	643	5	2	1539	96	1634	0.0	1869
FUN_011277-T2	sp|P25870|CLH_DICDI	57.528	1634	686	6	5	1633	4	1634	0.0	1964
FUN_011706-T1	sp|Q5AP53|CBK1_CANAL	43.816	477	234	9	400	861	266	723	3.69e-129	402
FUN_011706-T2	sp|Q5AP53|CBK1_CANAL	43.975	473	239	9	561	1022	266	723	8.40e-128	403
FUN_011710-T1	sp|Q17389|CUL1_CAEEL	26.518	807	509	18	19	784	17	780	8.96e-75	255
FUN_011737-T1	sp|A7TGU7|DHH1_VANPO	33.994	353	218	6	125	471	21	364	8.40e-53	185
FUN_011776-T1	sp|Q9Z2J9|RUNX2_RAT	76.613	124	23	1	50	173	99	216	9.68e-60	193
FUN_011778-T1	sp|P25294|SIS1_YEAST	32.764	351	178	8	6	306	8	350	4.65e-52	172
FUN_011842-T1	sp|Q55EK9|PDXK_DICDI	43.709	302	160	6	43	337	4	302	1.26e-76	234
FUN_011847-T1	sp|P24752|THIL_HUMAN	69.424	399	120	2	38	436	31	427	0.0	573
FUN_011876-T1	sp|A0JPN4|ZC12A_RAT	50.000	298	123	6	202	474	53	349	3.82e-87	284
FUN_011917-T1	sp|Q6FQU5|DHH1_CANGA	30.239	377	252	5	51	426	31	397	1.88e-49	178
FUN_011931-T1	sp|P24752|THIL_HUMAN	43.112	392	215	6	11	400	41	426	2.18e-99	299
FUN_011933-T1	sp|Q5S007|LRRK2_HUMAN	30.921	760	384	31	732	1455	1060	1714	1.97e-76	281
FUN_011948-T1	sp|Q9LDY2|ODBB2_ARATH	65.528	322	110	1	1	322	38	358	2.33e-164	459
FUN_011951-T1	sp|Q7JUR6|GDAP2_DROME	42.231	502	261	9	23	500	42	538	5.64e-136	401
FUN_011962-T1	sp|Q91WQ3|SYYC_MOUSE	69.516	351	102	1	8	358	6	351	1.74e-170	483
FUN_011963-T1	sp|P54577|SYYC_HUMAN	64.231	520	171	5	66	580	19	528	0.0	652
FUN_012049-T1	sp|P08799|MYS2_DICDI	41.230	553	314	7	147	694	89	635	1.67e-129	448
FUN_012052-T1	sp|P22082|SNF2_YEAST	36.802	519	258	12	325	826	767	1232	1.22e-91	314
FUN_012052-T2	sp|P22082|SNF2_YEAST	36.994	519	257	13	122	623	767	1232	3.47e-92	310
FUN_012077-T1	sp|Q9Z1P8|ANGL4_MOUSE	40.299	201	105	6	475	664	192	388	8.34e-41	151
FUN_012077-T2	sp|Q9Z1P8|ANGL4_MOUSE	40.845	213	111	7	465	667	183	390	1.61e-45	164
FUN_012115-T1	sp|Q9Z1P8|ANGL4_MOUSE	40.976	205	108	6	438	633	189	389	3.05e-45	163
FUN_012115-T2	sp|Q9Z1P8|ANGL4_MOUSE	41.546	207	108	5	311	508	187	389	8.35e-48	168
FUN_012115-T3	sp|Q9Z1P8|ANGL4_MOUSE	40.887	203	107	6	374	567	191	389	3.38e-44	159
FUN_012115-T4	sp|Q9Z1P8|ANGL4_MOUSE	40.887	203	107	6	385	578	191	389	4.20e-44	159
FUN_012176-T1	sp|Q07878|VPS13_YEAST	21.533	1500	999	46	1	1414	1	1408	3.10e-67	252
FUN_012177-T1	sp|Q5AHG6|SCH9_CANAL	43.305	351	182	8	55	392	385	731	9.41e-80	268
FUN_012184-T1	sp|P42330|AK1C3_HUMAN	41.722	302	165	3	6	299	8	306	7.56e-78	238
FUN_012185-T1	sp|P42330|AK1C3_HUMAN	42.434	304	162	4	6	301	8	306	4.88e-80	243
FUN_012186-T1	sp|Q9V3P0|PRDX2_DROME	72.340	188	52	0	57	244	3	190	2.21e-103	295
FUN_012317-T1	sp|P9WQJ9|IRTA_MYCTU	44.583	240	131	2	454	693	604	841	1.15e-53	196
FUN_012317-T2	sp|P9WQJ9|IRTA_MYCTU	44.583	240	131	2	333	572	604	841	1.56e-54	196
FUN_012326-T1	sp|P08799|MYS2_DICDI	38.023	789	445	17	7	782	35	792	2.47e-157	516
FUN_012330-T1	sp|Q4R6P7|SESN1_MACFA	48.927	466	217	7	82	533	34	492	7.63e-160	461
FUN_012333-T1	sp|Q95V55|FOXO_DROME	47.020	302	110	12	14	294	39	311	3.41e-63	215
FUN_012350-T1	sp|P36149|BET3_YEAST	58.235	170	69	2	13	180	24	193	7.51e-71	210
FUN_012352-T1	sp|P25294|SIS1_YEAST	32.153	367	210	11	6	357	8	350	6.38e-42	147
FUN_012359-T1	sp|P25294|SIS1_YEAST	34.188	351	191	7	6	326	8	348	4.91e-49	164
FUN_012419-T1	sp|Q55GQ5|SODC1_DICDI	54.545	154	65	2	4	155	3	153	5.25e-54	164
FUN_012430-T1	sp|P9WQE9|PHAS_MYCTU	28.050	1615	999	45	890	2445	27	1537	5.12e-152	524
FUN_012442-T1	sp|P9WQE9|PHAS_MYCTU	27.698	1603	1025	46	905	2464	27	1538	3.64e-150	518
FUN_012457-T1	sp|P9WQE9|PHAS_MYCTU	27.709	1606	1022	45	905	2465	27	1538	4.45e-146	506
FUN_012475-T1	sp|P14832|CYPH_YEAST	40.719	167	89	1	126	292	4	160	2.97e-42	140
FUN_012521-T1	sp|Q5AB87|RL16A_CANAL	58.974	195	78	1	206	400	8	200	1.29e-78	238
FUN_012571-T1	sp|P08155|KRH1_DROME	37.647	255	143	5	457	709	223	463	1.66e-44	170
FUN_012595-T1	sp|Q95YH0|CDK8_DICDI	47.753	356	166	7	9	360	33	372	1.27e-109	326
FUN_012610-T1	sp|P14832|CYPH_YEAST	54.819	166	68	4	47	212	4	162	1.57e-58	179
FUN_012625-T1	sp|Q99260|YPT6_YEAST	46.471	170	88	2	14	182	6	173	1.72e-52	166
FUN_012639-T1	sp|Q07878|VPS13_YEAST	24.271	960	571	34	1	923	1	841	1.69e-54	210
FUN_012676-T1	sp|P22082|SNF2_YEAST	39.808	520	268	8	659	1158	752	1246	9.68e-109	383
FUN_012676-T2	sp|P22082|SNF2_YEAST	39.808	520	268	8	681	1180	752	1246	3.49e-109	384
FUN_012762-T1	sp|P32561|RPD3_YEAST	43.353	346	193	2	36	381	39	381	1.76e-107	320
FUN_012762-T2	sp|P32561|RPD3_YEAST	43.695	341	189	2	36	376	39	376	2.20e-106	317
FUN_012794-T1	sp|Q5A762|MLT1_CANAL	33.987	918	505	19	23	845	687	1598	6.27e-156	493
FUN_012794-T2	sp|Q5A762|MLT1_CANAL	29.437	1386	821	33	26	1275	234	1598	3.96e-175	558
FUN_012871-T1	sp|Q9P940|TPIS_CANAL	51.210	248	120	1	1	247	1	248	6.77e-91	265
FUN_012969-T1	sp|P70406|UCP2_MOUSE	32.180	289	181	5	14	295	16	296	2.99e-47	158
FUN_013085-T1	sp|P22147|XRN1_YEAST	54.444	360	164	0	1	360	1	360	1.90e-126	430
FUN_013090-T1	sp|Q00960|NMDE2_RAT	27.202	511	307	18	332	794	349	842	2.92e-49	185
FUN_013094-T1	sp|Q00960|NMDE2_RAT	24.528	742	460	30	117	795	138	842	6.86e-50	187
FUN_013121-T1	sp|Q9GJW7|GBRAP_BOVIN	96.552	116	4	0	1	116	1	116	5.86e-81	230
FUN_013155-T1	sp|P20303|GTR1_PIG	44.167	480	251	5	41	504	4	482	3.14e-131	387
FUN_013262-T1	sp|Q9M9W8|PLDZ2_ARATH	39.922	258	114	9	27	278	347	569	2.31e-48	176
FUN_013263-T1	sp|Q9M9W8|PLDZ2_ARATH	38.889	342	188	9	333	658	696	1032	4.63e-58	209
FUN_013287-T1	sp|Q9M9W8|PLDZ2_ARATH	34.192	699	369	20	28	654	347	1026	3.55e-96	316
FUN_013313-T1	sp|Q9M9W8|PLDZ2_ARATH	43.214	280	148	6	367	643	687	958	2.40e-56	204
FUN_013314-T1	sp|Q9LT02|PDR2_ARATH	30.749	774	440	22	145	890	124	829	3.94e-92	318
FUN_013314-T2	sp|Q9LT02|PDR2_ARATH	31.450	655	363	18	42	671	236	829	2.77e-79	278
FUN_013337-T1	sp|P24062|IGF1R_RAT	28.571	518	306	16	80	573	792	1269	1.11e-54	199
FUN_013342-T1	sp|P08069|IGF1R_HUMAN	28.983	521	301	16	342	830	784	1267	8.86e-57	209
FUN_013344-T1	sp|P24062|IGF1R_RAT	29.148	446	272	10	419	845	847	1267	1.24e-55	206
FUN_013346-T1	sp|P08069|IGF1R_HUMAN	29.401	551	333	18	292	824	755	1267	6.09e-59	216
FUN_013346-T2	sp|P08069|IGF1R_HUMAN	29.401	551	333	18	292	824	755	1267	5.31e-59	216
FUN_013348-T1	sp|P09208|INSR_DROME	38.043	276	148	6	7	263	1354	1625	5.66e-52	179
FUN_013350-T1	sp|P08069|IGF1R_HUMAN	31.778	343	193	6	568	892	947	1266	3.08e-51	193
FUN_013354-T1	sp|P42345|MTOR_HUMAN	69.143	1575	423	14	1	1521	984	2549	0.0	2247
FUN_013354-T2	sp|P42345|MTOR_HUMAN	66.353	2550	754	29	1	2468	22	2549	0.0	3404
FUN_013354-T3	sp|P42345|MTOR_HUMAN	68.969	2027	549	21	1	1966	542	2549	0.0	2835
FUN_013383-T1	sp|Q59Q46|IMDH_CANAL	60.784	510	188	6	24	525	15	520	0.0	613
FUN_013457-T1	sp|Q99570|PI3R4_HUMAN	45.527	626	275	7	1	569	293	909	4.10e-164	502
FUN_013465-T1	sp|Q99570|PI3R4_HUMAN	68.421	114	34	1	1	112	1	114	7.45e-47	157
FUN_013506-T1	sp|Q99570|PI3R4_HUMAN	66.667	114	36	1	1	112	1	114	9.93e-46	154
FUN_013507-T1	sp|P0C0R5|PI3R4_RAT	62.745	153	48	2	3	155	144	287	7.11e-58	191
FUN_013508-T1	sp|Q5R9I3|PI3R4_PONAB	68.061	263	81	1	1	260	422	684	8.34e-121	371
FUN_013515-T1	sp|P0C0R5|PI3R4_RAT	67.580	219	66	1	181	394	448	666	1.20e-95	310
FUN_013520-T1	sp|Q99570|PI3R4_HUMAN	50.142	353	104	3	5	285	390	742	1.83e-107	336
FUN_013527-T1	sp|Q99570|PI3R4_HUMAN	63.248	117	41	1	1	115	1	117	4.16e-44	150
FUN_013545-T1	sp|Q99570|PI3R4_HUMAN	51.815	1405	621	16	1	1396	1	1358	0.0	1431
FUN_013545-T2	sp|Q99570|PI3R4_HUMAN	48.865	1013	473	13	3	1008	384	1358	0.0	965
FUN_013557-T1	sp|Q64617|KPCL_RAT	45.064	466	222	6	128	589	246	681	6.26e-134	404
FUN_014265-T1	sp|P15064|RASG_DICDI	50.000	170	85	0	5	174	3	172	2.18e-57	176
FUN_014449-T1	sp|P9WQJ9|IRTA_MYCTU	45.726	234	123	3	541	773	610	840	3.48e-52	192
FUN_014458-T1	sp|Q9Y4P3|TBL2_HUMAN	50.674	371	180	2	66	436	78	445	2.00e-134	391
FUN_014458-T2	sp|Q9Y4P3|TBL2_HUMAN	49.215	382	179	3	6	387	79	445	1.28e-131	382
FUN_014475-T1	sp|Q54QB1|ERK2_DICDI	59.767	343	136	2	2	343	3	344	1.32e-146	423
FUN_014486-T1	sp|P32561|RPD3_YEAST	60.714	420	163	1	6	425	15	432	0.0	569
FUN_014486-T2	sp|P32561|RPD3_YEAST	60.714	420	163	1	6	425	15	432	0.0	571
FUN_014490-T1	sp|Q8WTX7|CAST1_HUMAN	41.945	329	176	4	10	329	2	324	1.37e-86	261
FUN_014502-T1	sp|P22082|SNF2_YEAST	31.467	518	291	13	32	531	767	1238	6.77e-67	235
FUN_014504-T1	sp|P22082|SNF2_YEAST	45.283	318	155	6	969	1272	754	1066	1.81e-78	286
FUN_014505-T1	sp|P27133|COROA_DICDI	38.926	447	263	8	4	448	5	443	3.79e-114	340
FUN_014525-T1	sp|P13587|ATN1_YEAST	26.993	1104	652	32	5	1009	18	1066	1.21e-96	327
FUN_014527-T1	sp|Q9QZ67|PPM1D_MOUSE	46.023	352	166	8	41	373	92	438	2.87e-98	302
FUN_014534-T1	sp|Q9JMI1|AACS_RAT	62.748	655	239	4	10	659	16	670	0.0	877
FUN_014575-T1	sp|Q64270|EI2BA_RAT	61.000	300	108	2	51	342	7	305	5.67e-127	363
FUN_014575-T2	sp|Q64270|EI2BA_RAT	56.585	205	88	1	51	255	7	210	4.33e-77	233
FUN_014613-T1	sp|E9PVA8|GCN1_MOUSE	50.687	2693	1287	18	1	2680	1	2665	0.0	2590
FUN_014616-T1	sp|Q59KY8|SIT4_CANAL	59.740	308	118	3	8	309	7	314	2.35e-143	404
FUN_014624-T1	sp|Q59KY8|SIT4_CANAL	42.806	278	152	5	28	299	17	293	7.22e-82	248
FUN_014637-T1	sp|P15651|ACADS_RAT	72.774	393	105	1	27	417	18	410	0.0	608
FUN_014674-T1	sp|P34117|CDK5_DICDI	40.893	291	159	5	1	284	1	285	3.43e-72	229
FUN_014674-T2	sp|P34117|CDK5_DICDI	40.893	291	159	5	1	284	1	285	6.68e-74	229
FUN_014708-T1	sp|P42330|AK1C3_HUMAN	34.122	296	156	6	57	313	8	303	1.94e-49	164
FUN_014708-T2	sp|P42330|AK1C3_HUMAN	34.122	296	156	6	65	321	8	303	3.72e-49	164
FUN_014752-T1	sp|Q5ALL8|POB3_CANAL	37.986	437	245	7	22	432	18	454	2.71e-101	319
FUN_014771-T1	sp|P15651|ACADS_RAT	29.280	403	261	9	631	1033	34	412	1.70e-45	166
FUN_014794-T1	sp|P08155|KRH1_DROME	41.379	203	117	1	535	735	266	468	3.37e-49	185
FUN_014810-T1	sp|A3LWX3|DHH1_PICST	31.728	353	230	5	318	669	40	382	1.37e-57	201
FUN_014843-T1	sp|P02994|EF1A_YEAST	36.280	328	165	9	522	810	1	323	5.63e-49	177
FUN_014844-T1	sp|P98166|VLDLR_RAT	34.756	328	202	5	5	324	427	750	6.93e-56	209
FUN_014849-T1	sp|P34145|RAC1B_DICDI	52.247	178	80	3	1	173	1	178	1.04e-60	194
FUN_014876-T1	sp|Q27873|PIMT_CAEEL	53.363	223	103	1	1	223	1	222	1.04e-84	248
FUN_014882-T1	sp|Q8JZP9|GA2L1_MOUSE	45.556	270	121	5	11	262	21	282	7.28e-71	246
FUN_014892-T1	sp|Q9Y1I2|VP33A_DROME	38.259	609	357	10	13	606	11	615	5.33e-136	407
FUN_014900-T1	sp|P42525|ERK1_DICDI	52.601	346	158	3	18	363	142	481	1.85e-121	381
FUN_014905-T1	sp|F1LQ48|HNRPL_RAT	47.549	204	103	4	110	312	417	617	4.01e-49	172
FUN_014932-T1	sp|Q5AHG6|SCH9_CANAL	40.584	308	164	7	189	488	390	686	2.15e-62	219
FUN_014939-T1	sp|Q00168|KCC2A_DROME	40.000	310	158	8	22	314	10	308	1.79e-67	221
FUN_014951-T1	sp|Q9GQQ0|SPIN_DROME	42.300	513	228	9	41	499	107	605	4.50e-129	387
FUN_014981-T1	sp|Q9H6U6|BCAS3_HUMAN	43.430	898	415	22	6	847	9	869	0.0	626
FUN_014995-T1	sp|P22467|MYOA_DICDI	44.659	777	374	14	8	744	12	772	0.0	627
FUN_014995-T2	sp|P22467|MYOA_DICDI	45.276	762	361	14	8	729	12	757	0.0	627
FUN_015069-T1	sp|Q00168|KCC2A_DROME	40.809	272	155	4	188	458	12	278	2.99e-64	215
FUN_015158-T1	sp|P04256|ROA1_RAT	42.529	174	98	1	22	193	15	188	3.25e-46	158
FUN_015228-T1	sp|Q8IRR5|SIR4_DROME	49.814	269	134	1	39	307	35	302	3.13e-87	261
FUN_015245-T1	sp|P11346|KRAF1_DROME	40.816	294	158	8	574	863	422	703	2.34e-58	210
FUN_015282-T1	sp|Q5A762|MLT1_CANAL	27.214	1400	824	38	66	1337	273	1605	7.24e-137	455
FUN_015284-T1	sp|Q5A762|MLT1_CANAL	26.836	1416	820	42	66	1354	273	1599	1.63e-130	437
FUN_015287-T1	sp|Q5A762|MLT1_CANAL	38.249	217	120	3	207	409	687	903	8.83e-43	159
FUN_015288-T1	sp|Q5A762|MLT1_CANAL	34.495	545	322	10	25	537	1064	1605	8.21e-87	290
FUN_015290-T1	sp|Q5A762|MLT1_CANAL	28.087	1150	661	25	6	1051	518	1605	1.45e-132	436
FUN_015337-T1	sp|P07154|CATL1_RAT	42.904	303	153	10	252	543	37	330	1.20e-70	227
FUN_015341-T1	sp|P43235|CATK_HUMAN	41.640	317	173	8	362	672	19	329	5.18e-72	233
FUN_015348-T1	sp|P55097|CATK_MOUSE	38.110	328	187	7	247	568	5	322	6.17e-67	218
FUN_015348-T2	sp|P55097|CATK_MOUSE	38.110	328	187	7	155	476	5	322	5.84e-68	219
FUN_015349-T1	sp|P07154|CATL1_RAT	40.625	320	162	12	303	609	22	326	4.64e-62	207
FUN_015350-T1	sp|P43235|CATK_HUMAN	35.549	346	184	11	255	589	3	320	3.60e-61	204
FUN_015350-T2	sp|P43235|CATK_HUMAN	35.549	346	184	11	83	417	3	320	1.89e-62	204
FUN_015405-T1	sp|P07278|KAPR_YEAST	42.545	275	152	3	88	361	142	411	5.18e-71	225
FUN_015407-T1	sp|P34080|AQP2_RAT	41.333	225	128	2	8	232	3	223	8.42e-53	169
FUN_015408-T1	sp|P34080|AQP2_RAT	40.870	230	135	1	9	237	3	232	7.66e-52	167
FUN_015409-T1	sp|P34080|AQP2_RAT	42.714	199	113	1	5	202	30	228	4.92e-52	166
FUN_015409-T2	sp|P34080|AQP2_RAT	41.954	174	101	0	5	178	30	203	1.82e-42	140
FUN_015414-T1	sp|Q00960|NMDE2_RAT	26.233	446	274	14	87	488	406	840	1.51e-41	158
FUN_015424-T1	sp|Q8H936|CSN5_ORYSJ	66.567	335	106	2	3	331	4	338	1.44e-163	457
FUN_015434-T1	sp|P00884|ALDOB_RAT	65.546	357	121	1	5	359	8	364	2.57e-170	476
FUN_015442-T1	sp|Q3MNT0|SPT6_CANAL	26.965	916	553	26	246	1123	250	1087	2.13e-73	267
FUN_015445-T1	sp|Q9W0E3|IML1_DROME	32.349	1660	903	47	1	1572	1	1528	0.0	737
FUN_015486-T1	sp|Q5A762|MLT1_CANAL	28.434	1347	770	40	73	1280	309	1600	4.34e-149	488
FUN_015487-T1	sp|Q5A762|MLT1_CANAL	28.176	1338	780	31	73	1278	309	1597	2.07e-148	486
FUN_015998-T1	sp|P24062|IGF1R_RAT	34.768	302	178	6	411	693	962	1263	1.71e-52	198
FUN_016055-T1	sp|Q8IYT8|ULK2_HUMAN	67.832	286	89	2	3	287	2	285	2.83e-122	397
FUN_016069-T1	sp|Q5ZKC9|1433Z_CHICK	56.466	232	100	1	6	236	2	233	1.46e-92	269
FUN_016069-T2	sp|Q5ZKC9|1433Z_CHICK	55.785	242	102	2	28	264	2	243	2.00e-92	270
FUN_016070-T1	sp|P42644|14333_ARATH	60.536	261	89	5	1	255	1	253	2.58e-103	298
FUN_016071-T1	sp|Q75BS4|DHH1_EREGS	31.909	351	215	7	20	369	40	367	6.46e-50	177
FUN_016073-T1	sp|P63104|1433Z_HUMAN	55.909	220	85	5	1	216	22	233	6.47e-80	236
FUN_016075-T1	sp|P42644|14333_ARATH	61.943	247	83	5	1	240	1	243	2.49e-100	290
FUN_016085-T1	sp|Q54NL4|VMP1_DICDI	44.186	387	191	10	118	493	11	383	2.60e-91	281
FUN_016091-T1	sp|P63086|MK01_RAT	86.337	344	47	0	7	350	9	352	0.0	625
FUN_016110-T1	sp|P08799|MYS2_DICDI	28.131	1525	889	40	487	1936	72	1464	1.83e-129	450
FUN_016110-T2	sp|P08799|MYS2_DICDI	28.131	1525	889	40	507	1956	72	1464	3.19e-129	450
FUN_016125-T1	sp|Q54NW4|LIMB_DICDI	38.589	241	140	3	264	497	207	446	2.18e-49	175
FUN_016141-T1	sp|Q5AP53|CBK1_CANAL	37.129	404	186	8	71	412	325	722	3.75e-84	290
FUN_016200-T1	sp|P08155|KRH1_DROME	36.039	308	187	3	191	495	168	468	8.48e-60	209
FUN_016202-T1	sp|P08155|KRH1_DROME	35.644	303	185	3	506	805	173	468	1.28e-55	208
FUN_016205-T1	sp|Q13873|BMPR2_HUMAN	38.577	267	157	5	28	287	203	469	2.38e-50	176
FUN_016284-T1	sp|Q21029|NSY1_CAEEL	41.288	264	138	7	424	677	669	925	1.28e-52	193
FUN_016297-T1	sp|Q9WU82|CTNB1_RAT	67.834	771	206	11	12	744	15	781	0.0	994
FUN_016314-T1	sp|P25491|MAS5_YEAST	37.463	339	168	10	26	329	7	336	1.48e-51	173
FUN_016330-T1	sp|P05095|ACTNA_DICDI	38.445	476	281	7	26	495	23	492	1.05e-91	317
FUN_016346-T1	sp|Q8VI67|SP7_MOUSE	69.697	132	40	0	235	366	264	395	4.66e-63	205
FUN_016346-T2	sp|Q8VI67|SP7_MOUSE	69.697	132	40	0	257	388	264	395	8.06e-63	205
FUN_016347-T1	sp|Q01714|SP1_RAT	73.043	115	27	2	220	330	596	710	4.32e-54	188
FUN_016349-T1	sp|P91917|OLA1_CAEEL	67.172	396	129	1	54	449	1	395	0.0	539
FUN_016350-T1	sp|Q01714|SP1_RAT	74.797	123	28	1	300	419	591	713	1.34e-64	221
FUN_016354-T1	sp|P98166|VLDLR_RAT	32.009	428	233	12	283	653	323	749	8.91e-56	207
FUN_016354-T2	sp|P98166|VLDLR_RAT	32.009	428	233	12	268	638	323	749	1.06e-55	207
FUN_016354-T3	sp|P98166|VLDLR_RAT	32.009	428	233	12	290	660	323	749	1.01e-55	207
FUN_016356-T1	sp|P98166|VLDLR_RAT	32.581	399	206	11	294	638	360	749	9.40e-57	211
FUN_016368-T1	sp|P08799|MYS2_DICDI	35.190	790	423	19	46	814	82	803	1.00e-137	462
FUN_016368-T2	sp|P08799|MYS2_DICDI	35.190	790	423	19	350	1118	82	803	1.51e-135	459
FUN_016369-T1	sp|P22147|XRN1_YEAST	36.658	742	379	17	1	714	1	679	2.63e-138	449
FUN_016387-T1	sp|Q5A7M3|KMO_CANAL	39.509	448	257	10	1	437	1	445	1.90e-102	310
FUN_016408-T1	sp|Q64617|KPCL_RAT	50.571	350	169	4	116	462	330	678	3.13e-125	376
FUN_016422-T1	sp|Q99260|YPT6_YEAST	35.749	207	128	5	13	216	11	215	8.67e-44	143
FUN_016454-T1	sp|P34117|CDK5_DICDI	54.795	292	127	4	141	431	1	288	7.13e-107	316
FUN_016484-T1	sp|Q9VSH3|BI1_DROME	40.265	226	132	2	12	237	16	238	1.24e-51	165
FUN_016486-T1	sp|Q55DA0|ABCGM_DICDI	32.097	620	366	15	55	656	27	609	1.66e-100	317
FUN_016489-T1	sp|Q9VEA2|VPS39_DROME	38.151	595	314	10	1	581	311	865	3.85e-98	316
FUN_016608-T1	sp|Q07949|PSR2_YEAST	57.865	178	73	1	90	265	216	393	1.81e-71	222
FUN_016636-T1	sp|Q13873|BMPR2_HUMAN	39.932	293	165	7	71	352	202	494	6.37e-59	202
FUN_016636-T2	sp|Q13873|BMPR2_HUMAN	33.413	416	226	14	91	493	117	494	2.40e-58	206
FUN_016636-T3	sp|Q13873|BMPR2_HUMAN	39.590	293	166	6	117	398	202	494	9.00e-59	204
FUN_016646-T1	sp|O96621|ARP2_DICDI	31.250	384	242	7	753	1121	4	380	2.72e-60	209
FUN_016660-T1	sp|Q27873|PIMT_CAEEL	49.327	223	112	1	14	236	1	222	8.75e-72	216
FUN_016660-T2	sp|Q27873|PIMT_CAEEL	49.327	223	112	1	14	236	1	222	8.51e-72	216
FUN_016678-T1	sp|Q28620|NPT2A_RABIT	44.025	477	245	7	79	541	106	574	1.37e-116	355
FUN_016681-T1	sp|Q28620|NPT2A_RABIT	42.424	429	226	7	1	416	154	574	8.42e-95	295
FUN_016683-T1	sp|Q28620|NPT2A_RABIT	43.969	514	259	9	26	525	76	574	5.89e-122	369
FUN_016687-T1	sp|Q28620|NPT2A_RABIT	44.328	476	244	7	79	540	106	574	1.69e-118	360
FUN_016690-T1	sp|Q28620|NPT2A_RABIT	43.023	430	223	8	1	417	154	574	9.37e-95	295
FUN_016719-T1	sp|Q13873|BMPR2_HUMAN	39.493	276	158	5	75	342	203	477	1.59e-52	188
FUN_016779-T1	sp|Q9VXE5|PAKM_DROME	68.919	296	91	1	210	505	343	637	5.47e-151	443
FUN_016868-T1	sp|Q9P2K8|E2AK4_HUMAN	37.682	1717	934	46	3	1667	17	1649	0.0	980
FUN_017762-T1	sp|O61125|STK4_DICDI	37.352	423	238	6	6	421	8	410	4.63e-85	276
FUN_017781-T1	sp|P63018|HSP7C_RAT	82.219	613	109	0	1	613	1	613	0.0	1063
FUN_017785-T1	sp|P56705|WNT4_HUMAN	43.678	348	184	7	7	350	12	351	1.83e-98	292
FUN_017814-T1	sp|P56705|WNT4_HUMAN	51.211	289	125	3	1	284	73	350	3.55e-104	304
FUN_017815-T1	sp|Q9QXQ5|WNT4_RAT	40.849	377	178	7	5	369	7	350	6.29e-93	279
FUN_017816-T1	sp|Q9QXQ5|WNT4_RAT	43.590	312	165	4	44	351	37	341	1.66e-89	270
FUN_017816-T2	sp|Q9QXQ5|WNT4_RAT	44.406	286	148	4	1	282	73	351	2.06e-82	249
FUN_017828-T1	sp|P61244|MAX_HUMAN	64.286	140	43	2	9	148	1	133	1.41e-57	175
FUN_017829-T1	sp|Q59KY8|SIT4_CANAL	39.394	264	154	5	221	479	43	305	1.28e-55	185
FUN_017839-T1	sp|Q2LAE1|ASHH2_ARATH	46.188	223	113	5	37	256	951	1169	8.53e-61	226
FUN_017854-T1	sp|Q63886|UD11_MOUSE	33.400	503	317	7	11	499	21	519	6.30e-90	282
FUN_017855-T1	sp|P06797|CATL1_MOUSE	54.808	312	128	5	27	332	29	333	3.39e-118	341
FUN_017856-T1	sp|P06797|CATL1_MOUSE	53.355	313	132	5	27	333	29	333	1.05e-114	332
FUN_017857-T1	sp|P07154|CATL1_RAT	55.591	313	125	6	27	333	29	333	1.46e-122	352
FUN_017858-T1	sp|Q54JL7|CNRN_DICDI	48.619	181	89	2	168	346	9	187	1.24e-49	178
FUN_017862-T1	sp|P08155|KRH1_DROME	38.164	207	126	1	85	289	229	435	1.62e-46	168
FUN_017872-T1	sp|Q63886|UD11_MOUSE	32.882	517	319	13	12	507	20	529	2.41e-89	281
FUN_017883-T1	sp|Q5AP53|CBK1_CANAL	37.136	412	188	8	67	413	324	729	3.47e-85	288
FUN_017897-T1	sp|P34117|CDK5_DICDI	37.124	299	171	3	1	290	1	291	3.78e-73	226
FUN_017929-T1	sp|F4IVL6|GRV2_ARATH	35.856	1057	588	17	667	1638	902	1953	0.0	640
FUN_017930-T1	sp|F4IVL6|GRV2_ARATH	27.505	509	297	15	3	447	2050	2550	1.42e-43	161
FUN_017932-T1	sp|O96621|ARP2_DICDI	32.587	402	236	11	9	404	8	380	4.54e-58	192
FUN_017950-T1	sp|Q55DA0|ABCGM_DICDI	31.325	581	337	18	624	1178	48	592	4.76e-60	215
FUN_017952-T1	sp|P32183|FOXA3_RAT	54.067	209	79	2	37	228	109	317	5.22e-69	215
FUN_018008-T1	sp|P07756|CPSM_RAT	67.350	1464	471	5	30	1489	40	1500	0.0	2115
FUN_018009-T1	sp|P08155|KRH1_DROME	36.184	304	142	3	281	532	165	468	5.11e-58	204
FUN_018010-T1	sp|Q00168|KCC2A_DROME	34.014	294	176	5	2648	2931	14	299	9.36e-47	175
FUN_018017-T1	sp|Q99260|YPT6_YEAST	41.667	156	89	2	26	179	17	172	1.57e-42	139
FUN_018091-T1	sp|Q86JF2|LVSB_DICDI	37.167	600	308	17	1675	2251	3423	3976	2.10e-102	366
FUN_018138-T1	sp|Q54X82|AP1B_DICDI	33.613	595	373	10	4	590	2	582	1.96e-108	350
FUN_018138-T2	sp|Q54X82|AP1B_DICDI	30.928	388	253	6	7	388	204	582	3.52e-60	212
FUN_018139-T1	sp|Q6GP52|BECN1_XENLA	56.812	345	143	4	6	347	5	346	1.33e-126	367
FUN_018530-T1	sp|P05095|ACTNA_DICDI	40.564	461	265	5	42	498	21	476	8.51e-99	337
FUN_018530-T2	sp|P05095|ACTNA_DICDI	40.564	461	265	5	87	543	21	476	8.28e-99	337
FUN_018805-T1	sp|P08155|KRH1_DROME	34.783	276	156	4	109	361	194	468	8.68e-42	157
FUN_018864-T1	sp|P98166|VLDLR_RAT	36.133	750	436	18	1922	2653	29	753	5.19e-134	441
FUN_018864-T2	sp|P98166|VLDLR_RAT	36.182	749	437	17	1553	2284	29	753	1.35e-133	440
FUN_018864-T3	sp|P98166|VLDLR_RAT	37.649	757	427	16	729	1460	33	769	1.91e-143	469
FUN_018939-T1	sp|P14832|CYPH_YEAST	59.712	139	56	0	29	167	3	141	2.19e-56	173
FUN_019134-T1	sp|Q00168|KCC2A_DROME	37.931	319	187	6	11182	11489	14	332	1.10e-59	215
FUN_019343-T1	sp|Q01650|LAT1_HUMAN	39.264	489	271	6	55	538	39	506	4.53e-106	324
FUN_020837-T1	sp|P22467|MYOA_DICDI	53.933	178	76	3	122	296	78	252	1.68e-59	202
FUN_020838-T1	sp|Q59MQ0|MYO5_CANAL	38.622	624	345	13	1	600	289	898	1.17e-126	415
FUN_021108-T1	sp|O54937|PDK4_RAT	48.806	377	184	6	15	387	24	395	3.58e-129	375
FUN_021451-T1	sp|P15336|ATF2_HUMAN	37.626	497	212	15	3	426	14	485	1.82e-85	268
FUN_021932-T1	sp|Q17389|CUL1_CAEEL	46.405	765	393	7	19	766	16	780	0.0	707
FUN_021937-T1	sp|Q8MRW5|ET96B_DROME	78.448	116	22	3	278	390	475	590	5.64e-56	193
FUN_022000-T1	sp|Q55DA0|ABCGM_DICDI	31.793	541	353	9	90	619	35	570	3.77e-88	285
FUN_022000-T2	sp|Q55DA0|ABCGM_DICDI	31.879	527	347	8	90	609	35	556	8.05e-88	283
FUN_022000-T3	sp|Q55DA0|ABCGM_DICDI	30.261	499	334	8	1	490	77	570	2.60e-77	253
FUN_022012-T1	sp|Q54TV1|ABCG6_DICDI	31.884	621	372	17	81	662	915	1523	2.79e-75	261
FUN_022012-T2	sp|Q55DA0|ABCGM_DICDI	30.752	439	278	10	1	426	65	490	2.49e-59	201
FUN_022012-T3	sp|Q55DA0|ABCGM_DICDI	30.769	494	316	10	96	576	46	526	7.84e-67	226
FUN_022013-T1	sp|Q55DA0|ABCGM_DICDI	31.111	585	364	15	139	709	48	607	5.10e-78	259
FUN_022049-T1	sp|Q00168|KCC2A_DROME	39.252	321	183	6	477	788	12	329	5.94e-65	223
FUN_022098-T1	sp|Q7K0S9|GLIS2_DROME	53.086	162	70	4	397	555	127	285	3.46e-49	176
FUN_022237-T1	sp|A0JPN2|S39A4_RAT	31.142	578	281	16	224	792	186	655	3.38e-62	218
FUN_022237-T3	sp|A0JPN2|S39A4_RAT	31.207	580	269	18	238	797	186	655	1.56e-63	222
FUN_022242-T1	sp|E7F590|VPS41_DANRE	53.584	823	368	8	56	874	28	840	0.0	890
FUN_022260-T1	sp|P38116|ARL1_YEAST	54.945	182	81	1	1	181	1	182	5.43e-74	218
FUN_022267-T1	sp|P54695|MYOF_DICDI	36.150	639	365	15	1	605	386	1015	4.30e-113	361
FUN_022268-T1	sp|P22467|MYOA_DICDI	45.245	347	178	6	10	348	13	355	1.81e-95	302
FUN_022333-T1	sp|Q92609|TBCD5_HUMAN	37.825	616	338	11	120	700	58	663	4.05e-135	421
FUN_022354-T1	sp|Q96TA2|YMEL1_HUMAN	42.819	759	364	16	21	759	62	770	0.0	587
FUN_022364-T1	sp|P24062|IGF1R_RAT	42.652	279	152	4	315	593	993	1263	2.73e-63	224
FUN_022364-T2	sp|P24062|IGF1R_RAT	42.652	279	152	4	528	806	993	1263	4.23e-62	225
FUN_022364-T3	sp|P24062|IGF1R_RAT	42.652	279	152	4	528	806	993	1263	6.37e-62	225
FUN_022393-T1	sp|Q9GQ00|MOD1_CAEEL	29.333	450	292	9	45	475	37	479	6.01e-64	212
FUN_022412-T1	sp|Q9VND8|RHEB_DROME	59.444	180	72	1	3	182	2	180	2.80e-76	223
FUN_022444-T1	sp|A0A386KZI3|DABD_PSEMU	31.159	414	252	11	82	473	123	525	5.47e-49	174
FUN_022445-T1	sp|A0A386KZI3|DABD_PSEMU	30.900	411	247	11	87	473	123	520	7.89e-46	165
FUN_022446-T1	sp|A0A386KZI3|DABD_PSEMU	29.268	410	259	7	85	472	125	525	2.82e-51	180
FUN_022479-T1	sp|P52624|UPP1_MOUSE	49.826	287	141	1	10	293	22	308	1.64e-103	303
FUN_022509-T1	sp|P39517|DHH1_YEAST	34.309	376	237	6	247	621	47	413	9.57e-55	193
FUN_022512-T1	sp|Q553K4|NRAM2_DICDI	33.464	511	290	11	18	524	93	557	3.66e-74	246
FUN_022512-T2	sp|Q553K4|NRAM2_DICDI	32.809	509	292	10	8	512	95	557	6.16e-74	244
FUN_022512-T3	sp|Q553K4|NRAM2_DICDI	33.203	512	292	11	28	535	92	557	7.88e-74	245
FUN_022633-T1	sp|Q5R9A7|LYCHS_PONAB	35.308	844	499	16	1	832	27	835	4.77e-145	447
FUN_022654-T1	sp|Q63886|UD11_MOUSE	34.086	487	294	8	1	467	49	528	2.83e-93	290
FUN_022670-T1	sp|P22467|MYOA_DICDI	44.792	768	367	12	17	745	8	757	0.0	645
FUN_022671-T1	sp|P34117|CDK5_DICDI	71.849	238	66	1	1	238	1	237	3.75e-132	371
FUN_022671-T2	sp|P34117|CDK5_DICDI	74.611	193	49	0	1	193	1	193	1.16e-110	315
FUN_022677-T1	sp|P56500|UCP2_RAT	35.172	290	177	5	23	310	15	295	6.37e-56	181
FUN_022702-T1	sp|P34117|CDK5_DICDI	44.558	294	145	5	572	862	7	285	3.70e-74	244
FUN_022703-T1	sp|P11234|RALB_HUMAN	80.000	180	33	1	1	177	1	180	1.90e-103	293
FUN_022710-T1	sp|Q54NA3|ATG9_DICDI	31.603	443	290	5	5	441	148	583	1.89e-69	236
FUN_022767-T1	sp|Q7ZX22|WDR24_XENLA	40.366	820	439	14	15	824	1	780	0.0	631
FUN_022780-T1	sp|P04256|ROA1_RAT	39.459	185	100	3	4	183	9	186	2.56e-42	150
FUN_022806-T1	sp|P30099|C11B2_RAT	31.982	444	276	6	74	515	80	499	1.17e-67	224
FUN_022850-T1	sp|P08069|IGF1R_HUMAN	45.963	161	86	1	419	579	1112	1271	5.98e-45	169
FUN_022940-T1	sp|Q64617|KPCL_RAT	33.645	321	190	8	14	320	344	655	1.13e-53	186
FUN_022944-T1	sp|Q01827|VMAT2_RAT	48.193	249	125	2	18	262	168	416	1.32e-74	234
FUN_023000-T1	sp|P15127|INSR_RAT	39.510	286	167	3	471	756	1009	1288	2.28e-56	209
FUN_023023-T1	sp|P41596|DOPR1_DROME	29.940	334	170	7	16	289	132	461	1.61e-41	148
FUN_023033-T1	sp|Q9VCX1|RGS_DROME	28.754	626	372	17	604	1181	794	1393	6.64e-57	214
FUN_023039-T1	sp|P38116|ARL1_YEAST	46.988	166	88	0	14	179	15	180	9.11e-54	166
FUN_023045-T1	sp|P15651|ACADS_RAT	37.563	394	240	2	27	419	18	406	1.64e-93	285
FUN_023054-T1	sp|P29147|BDH_RAT	42.105	285	149	6	3	275	28	308	4.97e-68	213
FUN_023054-T2	sp|P29147|BDH_RAT	46.182	275	138	6	32	298	43	315	3.80e-73	226
FUN_023055-T1	sp|P29147|BDH_RAT	40.404	297	167	4	19	305	42	338	3.36e-74	229
FUN_023059-T1	sp|P29147|BDH_RAT	42.437	238	125	5	2	228	79	315	1.30e-61	194
FUN_023061-T1	sp|P29147|BDH_RAT	40.426	282	156	5	39	310	55	334	6.78e-72	223
FUN_023064-T1	sp|Q64617|KPCL_RAT	38.246	285	167	5	201	482	355	633	1.28e-52	187
FUN_023115-T1	sp|P08155|KRH1_DROME	45.930	172	90	2	125	294	265	435	4.78e-47	167
FUN_023159-T1	sp|P38116|ARL1_YEAST	58.046	174	72	1	1	173	1	174	6.68e-72	212
FUN_023179-T1	sp|P12749|RL26_RAT	72.028	143	38	1	1	141	1	143	8.65e-73	211
FUN_023223-T1	sp|P16051|GPA2_DICDI	39.403	335	200	3	22	354	12	345	9.66e-79	243
FUN_023223-T2	sp|P16378|GNAO_DROME	40.435	230	136	1	42	270	125	354	5.05e-63	199
FUN_023272-T1	sp|Q9Z1Z1|E2AK3_RAT	34.812	1037	555	26	18	978	72	1063	2.57e-164	509
FUN_023314-T1	sp|Q9GQ00|MOD1_CAEEL	28.857	350	230	7	6	350	9	344	9.46e-49	170
FUN_023317-T2	sp|Q9GQ00|MOD1_CAEEL	28.698	338	227	7	19	351	25	353	7.13e-48	167
FUN_023318-T1	sp|Q9GQ00|MOD1_CAEEL	27.533	454	292	11	64	490	37	480	2.29e-54	187
FUN_023367-T1	sp|P17712|HXK4_RAT	44.714	454	231	7	20	459	11	458	1.63e-130	382
FUN_023368-T1	sp|Q8VHI8|SEC20_RAT	52.703	222	104	1	9	230	7	227	1.95e-64	197
FUN_023369-T1	sp|Q2LAE1|ASHH2_ARATH	42.735	234	126	4	750	977	941	1172	4.92e-52	197
FUN_023369-T2	sp|Q2LAE1|ASHH2_ARATH	42.735	234	126	4	886	1113	941	1172	4.05e-52	198
FUN_023369-T3	sp|Q2LAE1|ASHH2_ARATH	43.556	225	120	3	758	977	950	1172	7.69e-53	199
FUN_023369-T4	sp|Q2LAE1|ASHH2_ARATH	42.735	234	126	4	886	1113	941	1172	8.29e-53	200
FUN_023379-T1	sp|A0A386KZI3|DABD_PSEMU	27.381	420	259	12	84	473	123	526	2.64e-43	158
FUN_023383-T1	sp|P07154|CATL1_RAT	38.650	326	180	11	166	479	17	334	5.29e-67	215
FUN_023402-T1	sp|Q90593|BIP_CHICK	52.013	596	254	8	165	751	26	598	0.0	593
FUN_023461-T1	sp|P41596|DOPR1_DROME	32.407	324	163	6	31	301	149	469	9.04e-43	152
FUN_023553-T1	sp|Q7SXN4|CPEB4_DANRE	74.041	339	77	3	280	608	297	634	2.24e-178	516
FUN_023598-T1	sp|Q54VL5|ALLC_DICDI	40.947	359	166	9	20	376	21	335	2.91e-85	261
FUN_023634-T1	sp|Q94BR1|MRF1_ARATH	33.978	362	228	8	79	437	58	411	4.01e-47	169
FUN_023698-T1	sp|Q99260|YPT6_YEAST	36.321	212	114	4	17	214	11	215	2.75e-43	142
FUN_023795-T1	sp|A7TGU7|DHH1_VANPO	30.729	384	249	6	172	554	34	401	3.55e-55	191
FUN_023922-T1	sp|O88967|YMEL1_MOUSE	35.664	286	172	4	617	902	268	541	1.29e-42	163
FUN_023937-T1	sp|P14832|CYPH_YEAST	54.335	173	65	3	7	177	2	162	2.41e-60	189
FUN_023937-T2	sp|P14832|CYPH_YEAST	54.335	173	65	3	7	177	2	162	2.68e-60	188
FUN_023947-T1	sp|P27133|COROA_DICDI	34.343	396	241	11	2	390	3	386	4.35e-65	223
FUN_023949-T1	sp|Q9VW60|ADCY2_DROME	34.483	406	237	7	120	504	93	490	1.11e-61	228
FUN_023961-T1	sp|P24062|IGF1R_RAT	34.532	417	233	8	403	815	894	1274	5.92e-66	237
FUN_023981-T1	sp|P9WQJ7|IRTB_MYCTU	41.322	242	137	2	428	667	325	563	2.97e-51	188
FUN_023983-T1	sp|P34117|CDK5_DICDI	35.714	294	174	3	1	288	1	285	3.49e-63	209
FUN_023983-T2	sp|P34117|CDK5_DICDI	35.714	294	174	3	1	288	1	285	1.15e-63	209
FUN_024000-T1	sp|P56705|WNT4_HUMAN	41.944	360	170	7	7	360	25	351	1.27e-94	283
FUN_024001-T1	sp|P11346|KRAF1_DROME	58.630	365	143	4	365	725	376	736	3.89e-146	442
FUN_024034-T1	sp|P16378|GNAO_DROME	70.423	355	103	2	1	354	1	354	0.0	506
FUN_024035-T1	sp|Q59Q46|IMDH_CANAL	62.577	489	173	5	2	484	35	519	0.0	616
FUN_024035-T2	sp|Q59Q46|IMDH_CANAL	61.328	512	183	7	12	515	15	519	0.0	625
FUN_024035-T3	sp|Q59Q46|IMDH_CANAL	63.029	449	156	5	1	443	75	519	0.0	570
FUN_024069-T1	sp|Q5A762|MLT1_CANAL	30.209	1387	808	29	22	1271	238	1601	0.0	589
FUN_024069-T2	sp|Q5A762|MLT1_CANAL	30.065	1387	810	29	22	1271	238	1601	0.0	585
FUN_024075-T1	sp|Q3T0T7|SAR1B_BOVIN	71.282	195	52	1	62	252	3	197	3.33e-107	305
FUN_024136-T1	sp|Q5AG71|HSL1_CANAL	37.884	293	164	6	4	280	56	346	9.95e-50	189
FUN_024136-T2	sp|Q5AG71|HSL1_CANAL	37.884	293	164	6	4	280	56	346	2.04e-50	187
FUN_024216-T1	sp|Q13615|MTMR3_HUMAN	35.366	492	255	9	68	498	87	576	2.50e-87	296
FUN_024222-T1	sp|O08876|KLF10_RAT	50.685	146	65	3	173	316	311	451	1.44e-41	147
FUN_024331-T1	sp|Q5U4F0|RRP8_RAT	47.034	236	120	2	254	484	196	431	1.83e-70	228
FUN_024331-T2	sp|Q5U4F0|RRP8_RAT	46.768	263	135	2	254	512	196	457	1.22e-81	258
FUN_024378-T1	sp|A2XW22|DHE2_ORYSI	30.025	403	268	4	89	491	20	408	1.29e-55	188
FUN_024385-T1	sp|Q4WR83|SIDI_ASPFU	39.394	561	316	7	48	596	23	571	1.68e-135	405
FUN_024387-T1	sp|Q4WR83|SIDI_ASPFU	44.444	387	202	4	2	376	186	571	6.60e-113	338
FUN_024412-T1	sp|Q6PKG0|LARP1_HUMAN	39.916	947	451	28	58	917	113	1028	0.0	568
FUN_024413-T1	sp|O88368|MITF_RAT	40.312	449	189	17	2	400	3	422	1.39e-69	227
FUN_024417-T1	sp|O70283|WNT2B_MOUSE	41.905	315	177	5	8	318	65	377	1.66e-90	272
FUN_024418-T1	sp|O70283|WNT2B_MOUSE	52.367	338	153	4	17	350	51	384	1.82e-130	378
FUN_024445-T1	sp|P29993|ITPR_DROME	52.612	2144	841	33	657	2704	763	2827	0.0	2046
FUN_024682-T1	sp|Q99260|YPT6_YEAST	43.605	172	95	2	16	185	11	182	1.98e-41	137
FUN_024778-T1	sp|P22082|SNF2_YEAST	47.036	506	244	9	134	620	759	1259	7.23e-139	454
FUN_025231-T1	sp|P34117|CDK5_DICDI	46.233	292	150	4	678	969	1	285	1.78e-84	272
FUN_025231-T2	sp|P34117|CDK5_DICDI	47.303	241	122	2	678	918	1	236	6.39e-74	242
FUN_025249-T1	sp|P04637|P53_HUMAN	31.034	377	173	11	128	500	97	390	8.84e-44	157
FUN_025315-T1	sp|Q9P8I0|PUT2_EMENI	45.966	533	281	4	26	552	37	568	6.57e-174	501
FUN_025368-T1	sp|P36408|GBB_DICDI	67.847	339	107	1	11	347	8	346	3.13e-178	495
FUN_025430-T1	sp|A7TGU7|DHH1_VANPO	36.340	377	217	10	115	485	35	394	1.67e-65	216
FUN_025430-T2	sp|A7TGU7|DHH1_VANPO	36.340	377	217	10	115	485	35	394	1.67e-65	216
FUN_025447-T1	sp|A7TGU7|DHH1_VANPO	36.585	328	191	7	1	323	74	389	1.73e-59	196
FUN_025459-T1	sp|P34145|RAC1B_DICDI	63.918	194	67	1	1	191	1	194	5.72e-93	266
FUN_025460-T1	sp|P34145|RAC1B_DICDI	59.333	150	58	2	1	147	45	194	6.11e-63	188
FUN_025463-T1	sp|Q925S8|YMEL1_RAT	37.652	247	151	2	172	418	277	520	6.16e-49	174
FUN_025512-T1	sp|E7F4V8|PEX2_DANRE	48.101	158	80	2	5	161	153	309	2.39e-48	155
FUN_025514-T1	sp|P24392|PEX2_RAT	38.384	198	115	2	3	194	5	201	4.58e-43	143
FUN_025570-T1	sp|Q9GQ00|MOD1_CAEEL	30.451	266	176	3	5	264	83	345	8.96e-43	151
FUN_025570-T2	sp|Q9GQ00|MOD1_CAEEL	28.025	314	215	4	47	354	37	345	3.64e-46	163
FUN_025610-T1	sp|P15127|INSR_RAT	37.209	344	193	6	468	798	958	1291	3.87e-56	207
FUN_025651-T1	sp|P54673|PI3K1_DICDI	36.056	857	446	23	245	1037	749	1567	3.65e-163	518
FUN_025661-T1	sp|Q9GPF1|AP3M_DICDI	26.813	455	281	10	1	438	1	420	1.39e-51	176
FUN_025678-T1	sp|P56705|WNT4_HUMAN	51.124	356	164	6	7	362	5	350	1.04e-127	367
FUN_025679-T1	sp|P56705|WNT4_HUMAN	55.394	343	146	4	13	352	13	351	1.89e-138	394
FUN_025680-T1	sp|P56705|WNT4_HUMAN	57.061	347	144	4	6	352	10	351	2.07e-146	414
FUN_025701-T1	sp|P43535|GCN20_YEAST	47.222	612	294	7	121	709	131	736	0.0	553
FUN_025751-T1	sp|P08155|KRH1_DROME	37.354	257	135	5	296	529	169	422	2.05e-44	167
FUN_025752-T1	sp|P39517|DHH1_YEAST	31.165	369	244	5	456	824	57	415	9.37e-55	196
FUN_025780-T1	sp|Q9KKF0|CH60_CLODI	50.647	541	263	4	37	576	2	539	0.0	519
FUN_025791-T1	sp|Q5ZKC9|1433Z_CHICK	56.784	199	81	4	8	202	7	204	2.22e-74	222
FUN_025792-T1	sp|Q5ZKC9|1433Z_CHICK	62.288	236	85	4	8	241	7	240	8.59e-97	280
FUN_025808-T1	sp|B4F9A4|DMAS1_MAIZE	35.587	281	157	7	13	275	11	285	1.13e-47	159
FUN_025820-T1	sp|Q5APF0|YTM1_CANAL	29.955	444	259	10	22	426	26	456	2.46e-50	174
FUN_025824-T1	sp|Q00168|KCC2A_DROME	33.117	308	194	4	2	308	3	299	7.43e-54	182
FUN_025838-T1	sp|Q00960|NMDE2_RAT	23.253	873	570	33	24	837	24	855	1.12e-52	197
FUN_025842-T1	sp|Q9UGJ0|AAKG2_HUMAN	60.952	315	121	1	187	501	250	562	2.36e-135	400
FUN_025951-T1	sp|F4KGN5|S40A2_ARATH	31.675	382	239	8	43	418	30	395	6.77e-56	196
FUN_025976-T1	sp|Q13873|BMPR2_HUMAN	38.788	495	266	12	40	519	55	527	4.46e-103	331
FUN_025977-T1	sp|P34117|CDK5_DICDI	62.069	290	109	1	1	290	1	289	2.60e-141	397
FUN_025988-T1	sp|Q13873|BMPR2_HUMAN	35.116	430	236	13	67	476	60	466	7.96e-73	246
FUN_026015-T1	sp|P70406|UCP2_MOUSE	37.201	293	167	5	11	299	16	295	2.43e-60	192
FUN_026015-T2	sp|P70406|UCP2_MOUSE	40.724	221	123	3	42	261	82	295	1.15e-50	166
FUN_026058-T1	sp|A7TGU7|DHH1_VANPO	30.872	447	256	9	328	770	6	403	7.65e-60	207
FUN_026081-T1	sp|P38116|ARL1_YEAST	47.778	180	92	1	1	178	1	180	1.49e-62	188
FUN_026090-T1	sp|P9WQJ9|IRTA_MYCTU	42.188	256	147	1	611	866	587	841	6.59e-58	211
FUN_026096-T1	sp|P19891|ASNS_CRIGR	60.106	564	209	7	1	556	1	556	0.0	689
FUN_026108-T1	sp|P08799|MYS2_DICDI	40.629	763	423	15	33	780	61	808	5.97e-168	561
FUN_026145-T1	sp|Q8T6B7|ABCF2_DICDI	54.466	571	247	6	23	589	18	579	0.0	639
FUN_026148-T1	sp|P34117|CDK5_DICDI	49.115	226	102	6	3	226	2	216	5.02e-71	216
FUN_026166-T1	sp|Q925S8|YMEL1_RAT	37.736	265	155	3	152	416	266	520	7.50e-52	182
FUN_026177-T1	sp|Q5A960|HDA1_CANAL	36.147	462	239	14	688	1127	65	492	1.21e-75	265
FUN_026177-T2	sp|Q5A960|HDA1_CANAL	36.147	462	239	14	720	1159	65	492	1.58e-75	265
FUN_026297-T1	sp|Q00168|KCC2A_DROME	35.045	331	203	6	68	388	14	342	1.66e-57	201
FUN_026297-T3	sp|Q00168|KCC2A_DROME	35.045	331	203	6	51	371	14	342	1.47e-57	201
FUN_026297-T4	sp|Q00168|KCC2A_DROME	35.045	331	203	6	36	356	14	342	1.15e-57	201
FUN_026298-T1	sp|Q17389|CUL1_CAEEL	33.124	797	453	14	4	743	7	780	4.76e-146	443
FUN_026306-T1	sp|Q94AP0|ALN_ARATH	39.525	463	258	8	10	454	47	505	2.95e-117	350
FUN_026309-T1	sp|P08155|KRH1_DROME	36.036	333	171	5	583	910	174	469	5.29e-55	202
FUN_026381-T1	sp|Q06496|NPT2A_RAT	48.540	274	127	7	2	269	228	493	3.30e-78	246
FUN_026385-T1	sp|Q28620|NPT2A_RABIT	52.973	555	238	9	43	587	68	609	0.0	556
FUN_026475-T1	sp|Q802U2|MIOS_DANRE	45.147	443	226	7	10	447	446	876	6.25e-130	394
FUN_026475-T2	sp|Q802U2|MIOS_DANRE	45.169	414	210	7	10	418	446	847	6.77e-117	360
FUN_026476-T1	sp|Q5U5D4|MIOSA_XENLA	42.442	344	172	9	1	340	1	322	3.70e-81	261
FUN_026511-T1	sp|Q9VHG1|VPS16_DROME	38.255	596	345	6	15	602	224	804	8.28e-143	432
FUN_026513-T1	sp|P14832|CYPH_YEAST	61.486	148	49	1	12	159	3	142	2.34e-59	193
FUN_026515-T1	sp|Q64617|KPCL_RAT	38.194	288	167	4	135	412	351	637	1.16e-60	206
FUN_026526-T1	sp|Q64617|KPCL_RAT	35.103	339	201	6	133	460	329	659	9.74e-60	204
FUN_026617-T1	sp|Q9Y6E0|STK24_HUMAN	46.241	266	115	6	41	305	62	300	2.90e-67	219
FUN_026631-T1	sp|P08155|KRH1_DROME	33.553	304	192	3	108	408	174	470	2.79e-45	166
FUN_026632-T1	sp|P08155|KRH1_DROME	34.602	289	164	7	1	265	181	468	6.48e-48	166
FUN_026646-T1	sp|P08155|KRH1_DROME	35.664	286	160	4	1	262	181	466	5.29e-49	172
FUN_026655-T1	sp|P08155|KRH1_DROME	43.415	205	114	1	16	218	264	468	1.36e-49	175
FUN_026897-T1	sp|P15651|ACADS_RAT	31.283	374	253	4	47	419	36	406	8.89e-64	208
FUN_026901-T1	sp|Q9VW60|ADCY2_DROME	51.779	253	115	2	89	336	1049	1299	3.43e-81	266
FUN_026902-T1	sp|Q9VW60|ADCY2_DROME	51.590	283	125	1	11	281	213	495	4.33e-96	306
FUN_026928-T1	sp|Q64617|KPCL_RAT	33.333	339	192	8	152	464	329	659	1.20e-50	179
FUN_027066-T1	sp|Q504M2|PDP2_MOUSE	38.829	461	233	10	77	503	80	525	8.26e-90	281
FUN_027211-T1	sp|Q5A762|MLT1_CANAL	34.176	1305	719	25	52	1230	310	1600	0.0	734
FUN_027211-T2	sp|Q5A762|MLT1_CANAL	34.229	1303	721	24	161	1339	310	1600	0.0	734
FUN_027215-T1	sp|Q5A762|MLT1_CANAL	36.075	1325	704	22	159	1347	285	1602	0.0	801
FUN_027276-T1	sp|P08069|IGF1R_HUMAN	38.516	283	166	4	351	632	992	1267	6.18e-58	209
FUN_027748-T1	sp|P98166|VLDLR_RAT	33.898	354	217	9	301	643	402	749	3.18e-53	199
FUN_027748-T2	sp|P98166|VLDLR_RAT	33.898	354	217	9	161	503	402	749	1.68e-53	199
FUN_027751-T1	sp|P98166|VLDLR_RAT	32.911	395	215	9	296	643	358	749	3.91e-54	203
FUN_027762-T1	sp|P98166|VLDLR_RAT	32.995	394	215	11	296	642	358	749	2.97e-52	197
FUN_027778-T1	sp|P98166|VLDLR_RAT	32.405	395	215	10	296	641	358	749	5.25e-52	195
FUN_027783-T1	sp|P08069|IGF1R_HUMAN	40.756	238	128	6	38	275	971	1195	1.28e-47	166
FUN_027789-T1	sp|P08069|IGF1R_HUMAN	40.968	310	170	6	67	376	971	1267	2.72e-67	228
FUN_027797-T1	sp|P08069|IGF1R_HUMAN	45.333	225	116	4	29	253	992	1209	1.90e-55	191
FUN_027802-T1	sp|P08069|IGF1R_HUMAN	38.889	306	175	4	37	342	974	1267	1.49e-65	222
FUN_027814-T1	sp|Q6FQU5|DHH1_CANGA	33.053	357	213	8	85	438	33	366	2.38e-52	181
FUN_027815-T1	sp|O61125|STK4_DICDI	45.000	280	138	6	14	291	14	279	1.58e-74	249
FUN_028016-T1	sp|Q9GQ00|MOD1_CAEEL	26.728	434	275	10	92	491	57	481	4.54e-51	178
FUN_028083-T1	sp|Q5A762|MLT1_CANAL	35.630	1350	743	25	55	1328	306	1605	0.0	759
FUN_028083-T2	sp|Q5A762|MLT1_CANAL	34.369	1449	799	28	128	1500	231	1603	0.0	761
FUN_028083-T3	sp|Q5A762|MLT1_CANAL	34.252	1451	802	28	128	1502	231	1605	0.0	761
FUN_028088-T1	sp|P13587|ATN1_YEAST	29.356	637	360	20	433	1034	469	1050	2.64e-55	206
FUN_028089-T1	sp|P13587|ATN1_YEAST	35.208	409	205	10	6	389	530	903	6.71e-55	196
FUN_028092-T1	sp|Q5A762|MLT1_CANAL	36.169	1399	773	24	130	1434	231	1603	0.0	803
FUN_028099-T2	sp|O97125|HSP68_DROME	31.061	528	313	15	29	549	1	484	6.49e-64	226
FUN_028229-T1	sp|Q55DA0|ABCGM_DICDI	30.926	540	341	10	50	572	26	550	2.13e-76	253
FUN_028262-T1	sp|Q9MAM1|CIPK9_ARATH	37.828	267	162	3	5	271	16	278	1.11e-58	197
FUN_028284-T1	sp|P08069|IGF1R_HUMAN	40.636	283	161	3	601	883	992	1267	6.62e-60	219
FUN_028312-T1	sp|P24062|IGF1R_RAT	40.860	279	150	5	638	909	993	1263	2.90e-58	215
FUN_028315-T1	sp|P08069|IGF1R_HUMAN	30.495	505	290	11	24	524	820	1267	7.43e-61	214
FUN_028316-T1	sp|P08069|IGF1R_HUMAN	40.068	292	162	6	491	775	981	1266	2.85e-55	204
FUN_028317-T1	sp|P08069|IGF1R_HUMAN	41.060	302	162	4	38	330	973	1267	7.90e-68	228
FUN_028335-T1	sp|P08069|IGF1R_HUMAN	43.192	213	114	4	48	260	992	1197	3.92e-48	169
FUN_028351-T1	sp|P08069|IGF1R_HUMAN	40.636	283	161	4	20	302	992	1267	5.52e-66	222
FUN_028354-T1	sp|P08069|IGF1R_HUMAN	40.141	284	163	3	545	828	992	1268	1.42e-61	224
FUN_028355-T1	sp|P08069|IGF1R_HUMAN	39.929	283	163	3	531	813	992	1267	5.75e-61	221
FUN_028360-T1	sp|P08069|IGF1R_HUMAN	39.576	283	164	3	19	301	992	1267	1.82e-65	220
FUN_028362-T1	sp|P08069|IGF1R_HUMAN	39.223	283	165	3	20	302	992	1267	1.65e-64	218
FUN_028362-T2	sp|P08069|IGF1R_HUMAN	39.223	283	165	3	52	334	992	1267	5.41e-64	217
FUN_028369-T1	sp|P08069|IGF1R_HUMAN	37.695	321	186	5	418	738	974	1280	2.28e-59	215
FUN_028391-T1	sp|P08069|IGF1R_HUMAN	37.383	321	187	5	38	358	974	1280	3.57e-63	215
FUN_028413-T1	sp|P08069|IGF1R_HUMAN	38.869	283	166	3	221	503	992	1267	6.56e-61	214
FUN_028451-T1	sp|P08069|IGF1R_HUMAN	40.357	280	154	3	469	745	990	1259	7.31e-60	217
FUN_028451-T2	sp|P08069|IGF1R_HUMAN	40.357	280	154	3	469	745	990	1259	7.69e-60	218
FUN_028452-T1	sp|P08069|IGF1R_HUMAN	36.522	345	197	9	135	473	943	1271	5.64e-58	204
FUN_028457-T1	sp|P08069|IGF1R_HUMAN	39.901	203	115	3	6	208	1076	1271	4.17e-44	155
FUN_028461-T1	sp|P08069|IGF1R_HUMAN	37.963	216	126	4	16	230	1063	1271	1.61e-43	155
FUN_028469-T1	sp|P08799|MYS2_DICDI	46.795	312	155	4	2	307	27	333	3.73e-84	274
FUN_028547-T1	sp|Q8LPQ5|BTS_ARATH	43.496	246	129	6	5	244	1006	1247	3.81e-60	204
FUN_028554-T1	sp|Q6UXG2|ELAP1_HUMAN	36.657	993	571	24	23	997	46	998	0.0	675
FUN_028838-T1	sp|O61443|MK38B_DROME	72.845	232	60	1	1	229	1	232	7.58e-128	363
FUN_028897-T1	sp|P34117|CDK5_DICDI	46.154	286	149	4	6	289	3	285	3.35e-87	261
FUN_028939-T1	sp|Q9GQ00|MOD1_CAEEL	26.829	451	274	12	24	427	38	479	2.22e-48	169
FUN_028955-T2	sp|P39517|DHH1_YEAST	36.090	399	244	4	13	411	34	421	1.56e-75	254
FUN_028956-T1	sp|Q99260|YPT6_YEAST	43.558	163	91	1	14	175	11	173	9.11e-45	145
FUN_029020-T1	sp|P30099|C11B2_RAT	29.363	487	321	9	34	516	19	486	5.87e-59	201
FUN_029023-T3	sp|P30099|C11B2_RAT	29.322	457	309	6	48	503	38	481	1.05e-61	208
FUN_029024-T1	sp|P30099|C11B2_RAT	31.798	456	292	9	43	494	41	481	9.16e-58	197
FUN_029109-T1	sp|P34148|RACB_DICDI	54.891	184	83	0	7	190	5	188	9.30e-74	218
FUN_029123-T1	sp|P15064|RASG_DICDI	58.115	191	71	3	1	184	1	189	2.75e-71	211
FUN_029149-T1	sp|Q8BYR5|CAPS2_MOUSE	50.835	1257	528	19	56	1243	61	1296	0.0	1258
FUN_029193-T1	sp|Q66J91|SAMTR_XENLA	38.554	415	179	9	1	405	24	372	1.18e-79	248
FUN_029199-T1	sp|Q6GNF1|SEH1B_XENLA	32.635	334	186	10	4	308	3	326	3.38e-50	167
FUN_029291-T1	sp|P08069|IGF1R_HUMAN	31.148	488	286	15	1052	1527	835	1284	2.97e-56	212
FUN_029318-T1	sp|P51652|AKC1H_RAT	41.317	334	176	6	31	355	1	323	2.47e-95	284
FUN_029324-T1	sp|P32183|FOXA3_RAT	61.905	105	40	0	60	164	112	216	6.31e-41	142
FUN_029338-T1	sp|P08069|IGF1R_HUMAN	32.486	354	217	7	476	826	934	1268	1.23e-48	184
FUN_029339-T1	sp|P08069|IGF1R_HUMAN	31.304	345	208	6	464	791	936	1268	2.61e-47	179
FUN_029357-T1	sp|P29411|KAD3_RAT	55.502	209	93	0	2	210	4	212	2.07e-85	249
FUN_029413-T1	sp|P15651|ACADS_RAT	32.153	367	239	5	63	422	40	403	3.92e-53	180
FUN_029426-T1	sp|Q8TGB2|GPI7_CANAL	38.009	442	228	11	10	435	13	424	6.82e-89	301
FUN_029640-T1	sp|P98166|VLDLR_RAT	36.427	862	468	26	23	854	25	836	1.54e-162	494
FUN_029664-T1	sp|P22082|SNF2_YEAST	61.290	372	134	4	640	1009	745	1108	9.95e-153	493
FUN_029665-T1	sp|P22082|SNF2_YEAST	57.915	259	99	4	2	258	854	1104	8.41e-94	318
FUN_029673-T1	sp|P98166|VLDLR_RAT	38.889	846	475	20	29	862	33	848	0.0	576
FUN_029709-T1	sp|Q9M7Z1|ODB2_ARATH	37.862	449	234	4	74	522	80	483	1.68e-106	324
FUN_029754-T1	sp|P0DJJ3|SGIP1_RAT	45.756	271	143	3	750	1016	557	827	3.58e-74	259
FUN_029891-T1	sp|P09208|INSR_DROME	29.891	368	205	13	453	800	1312	1646	4.84e-45	172
FUN_029891-T2	sp|P09208|INSR_DROME	29.891	368	205	13	452	799	1312	1646	5.68e-45	172
FUN_030658-T1	sp|P34117|CDK5_DICDI	35.473	296	178	8	1	291	1	288	8.66e-53	176
FUN_030672-T1	sp|Q9U2X0|ANM1_CAEEL	39.688	320	174	9	122	435	27	333	4.59e-68	218
FUN_031062-T1	sp|P38116|ARL1_YEAST	46.108	167	89	1	66	232	15	180	2.42e-49	157
FUN_031065-T1	sp|P38116|ARL1_YEAST	44.886	176	94	2	8	183	5	177	4.78e-49	154
FUN_031068-T1	sp|P05095|ACTNA_DICDI	38.542	864	512	8	18	877	12	860	0.0	618
FUN_031068-T2	sp|P05095|ACTNA_DICDI	30.280	535	367	4	1	533	213	743	5.27e-83	273
FUN_031288-T1	sp|Q9M9P3|UGPA2_ARATH	53.017	464	195	7	82	542	22	465	6.50e-157	453
FUN_031288-T2	sp|Q9M9P3|UGPA2_ARATH	54.847	392	158	5	1	392	93	465	2.21e-146	421
FUN_031589-T1	sp|Q8N142|PURA1_HUMAN	60.930	430	161	2	15	438	29	457	0.0	553
FUN_031606-T1	sp|Q9HBF4|ZFYV1_HUMAN	53.050	705	286	7	16	717	115	777	0.0	756
FUN_031606-T2	sp|Q810J8|ZFYV1_MOUSE	55.179	560	232	4	19	567	104	655	0.0	645
FUN_031635-T1	sp|O88967|YMEL1_MOUSE	39.648	227	134	2	299	524	275	499	1.08e-45	169
FUN_031642-T1	sp|Q64617|KPCL_RAT	52.192	707	294	10	4	699	8	681	0.0	747
FUN_031644-T1	sp|O60427|FADS1_HUMAN	27.252	433	292	8	5	430	18	434	2.00e-45	160
FUN_031651-T1	sp|Q0VCX2|BIP_BOVIN	45.078	386	201	7	658	1040	31	408	6.38e-108	348
FUN_031742-T1	sp|P38116|ARL1_YEAST	50.649	154	76	0	15	168	25	178	2.94e-52	162
FUN_031819-T1	sp|P0A7J7|RL11_ECOLI	45.390	141	75	1	3	143	2	140	3.23e-42	134
FUN_031875-T1	sp|P23739|SUIS_RAT	28.821	687	413	20	283	923	279	935	5.01e-72	257
FUN_031898-T1	sp|P34145|RAC1B_DICDI	51.295	193	90	2	16	206	2	192	2.79e-65	197
FUN_031900-T1	sp|Q00168|KCC2A_DROME	39.015	264	159	2	18	280	10	272	9.91e-66	212
FUN_031903-T1	sp|Q38862|INO2_ARATH	64.567	508	176	1	1	504	3	510	0.0	688
FUN_031908-T1	sp|Q9V3X4|BSCL2_DROME	40.161	249	143	2	75	320	33	278	3.31e-53	184
FUN_031942-T1	sp|O74189|PMT1_CANAL	38.035	631	370	12	89	707	69	690	1.93e-129	404
FUN_031950-T1	sp|O88967|YMEL1_MOUSE	37.143	245	151	2	77	321	279	520	6.03e-45	160
FUN_031973-T1	sp|P24062|IGF1R_RAT	46.243	173	91	1	1076	1246	1100	1272	1.42e-43	170
FUN_031973-T2	sp|P24062|IGF1R_RAT	46.243	173	91	1	686	856	1100	1272	6.99e-44	170
FUN_031975-T1	sp|Q51404|FUMC2_PSEAE	42.140	458	256	3	38	494	4	453	4.44e-116	347
FUN_032015-T1	sp|Q9BXW4|MLP3C_HUMAN	72.269	119	33	0	8	126	9	127	3.81e-62	184
FUN_032088-T1	sp|Q9I7I7|SIRT2_DROME	52.795	322	150	2	36	356	1	321	3.48e-120	349
FUN_032099-T1	sp|P98192|GNPAT_MOUSE	36.048	663	377	14	7	658	36	662	1.97e-117	363
FUN_032099-T2	sp|P98192|GNPAT_MOUSE	38.655	357	194	6	1	356	191	523	4.24e-64	214
FUN_032162-T1	sp|Q59KY8|SIT4_CANAL	43.369	279	151	5	26	298	17	294	1.68e-81	247
FUN_032237-T1	sp|P56705|WNT4_HUMAN	37.413	286	162	7	42	319	67	343	6.09e-61	195
FUN_032239-T1	sp|O70283|WNT2B_MOUSE	39.667	300	168	6	41	336	87	377	3.15e-70	221
FUN_032240-T1	sp|P56705|WNT4_HUMAN	38.047	297	167	7	41	331	65	350	9.10e-66	208
FUN_032245-T1	sp|P45983|MK08_HUMAN	71.591	352	97	1	39	387	10	361	0.0	542
FUN_032245-T2	sp|P49185|MK08_RAT	70.518	251	71	1	1	248	111	361	1.65e-134	385
FUN_032245-T3	sp|P49185|MK08_RAT	72.973	222	57	1	1	219	111	332	8.14e-122	349
FUN_032252-T1	sp|Q9SF47|PAH1_ARATH	37.300	437	235	9	454	877	493	903	1.54e-83	285
FUN_032301-T1	sp|Q642J4|IMPCT_DANRE	41.639	305	161	3	29	333	11	298	1.14e-87	264
FUN_032308-T1	sp|A3LWX3|DHH1_PICST	31.868	364	224	8	108	468	55	397	3.20e-47	171
FUN_032313-T1	sp|P04256|ROA1_RAT	44.186	172	90	3	29	196	15	184	7.66e-43	147
FUN_032320-T1	sp|P08069|IGF1R_HUMAN	52.532	158	75	0	236	393	1112	1269	1.78e-52	188
FUN_032322-T1	sp|P24062|IGF1R_RAT	34.521	365	218	5	232	596	926	1269	2.01e-70	246
FUN_032379-T1	sp|Q9P8I0|PUT2_EMENI	29.054	444	267	12	12	428	72	494	1.09e-43	158
FUN_032380-T1	sp|P22309|UD11_HUMAN	29.026	503	317	11	62	544	48	530	1.98e-61	208
FUN_032394-T1	sp|P54654|CAP_DICDI	40.899	467	242	9	8	457	9	458	1.71e-105	318
FUN_032429-T1	sp|P70406|UCP2_MOUSE	33.681	288	182	4	11	297	16	295	2.98e-56	181
FUN_032447-T1	sp|Q5A762|MLT1_CANAL	34.641	306	171	5	6	288	1289	1588	3.72e-49	172
FUN_032448-T1	sp|Q5A762|MLT1_CANAL	31.742	356	215	5	6	333	1245	1600	1.74e-52	183
FUN_032452-T1	sp|Q5A762|MLT1_CANAL	30.015	663	398	15	658	1276	947	1587	7.42e-75	271
FUN_032453-T1	sp|Q5A762|MLT1_CANAL	32.916	559	331	11	732	1251	1044	1597	3.22e-79	284
FUN_032456-T1	sp|Q5A762|MLT1_CANAL	32.288	542	330	8	460	966	1044	1583	3.51e-76	271
FUN_032458-T1	sp|Q5A762|MLT1_CANAL	32.907	547	330	8	474	985	1044	1588	1.52e-79	282
FUN_032460-T1	sp|P29411|KAD3_RAT	38.806	201	115	3	42	241	8	201	3.59e-48	156
FUN_032466-T1	sp|Q5A762|MLT1_CANAL	31.841	603	354	16	502	1060	999	1588	1.12e-79	283
FUN_032535-T1	sp|Q5AAW3|DHH1_CANAL	34.078	358	221	5	94	446	28	375	5.98e-57	202
FUN_032542-T1	sp|B3MPN6|IRS1_DROAN	38.767	227	123	4	8	219	4	229	1.77e-43	166
FUN_032604-T1	sp|P08155|KRH1_DROME	40.909	198	115	1	244	439	271	468	3.98e-42	157
FUN_032605-T1	sp|P35169|TOR1_YEAST	34.321	405	213	13	2368	2732	2078	2469	2.53e-54	208
FUN_032610-T1	sp|O61125|STK4_DICDI	45.309	501	207	10	11	489	6	461	1.13e-138	404
FUN_032679-T1	sp|P34080|AQP2_RAT	37.288	236	140	5	47	279	9	239	1.48e-41	141
FUN_032683-T1	sp|P97519|HMGCL_RAT	72.381	105	29	0	1	105	217	321	7.65e-52	162
FUN_032754-T1	sp|Q5A762|MLT1_CANAL	34.400	500	296	8	479	948	1091	1588	8.95e-82	287
FUN_032754-T2	sp|Q5A762|MLT1_CANAL	34.600	500	295	8	804	1273	1091	1588	6.11e-80	286
FUN_032815-T1	sp|A0JPN4|ZC12A_RAT	67.526	194	60	2	371	561	132	325	1.47e-91	291
FUN_032884-T1	sp|Q00960|NMDE2_RAT	24.118	850	522	34	48	823	48	848	8.03e-50	187
FUN_032886-T1	sp|Q00960|NMDE2_RAT	30.221	407	254	12	5	393	448	842	7.56e-51	182
FUN_032894-T1	sp|Q00960|NMDE2_RAT	31.010	416	249	15	361	753	448	848	1.93e-48	182
FUN_032895-T1	sp|Q00960|NMDE2_RAT	24.538	811	522	29	74	824	68	848	3.93e-54	201
FUN_032895-T2	sp|Q00960|NMDE2_RAT	24.538	811	522	29	59	809	68	848	2.81e-54	201
FUN_032906-T1	sp|Q07807|PUF3_YEAST	45.808	334	165	3	812	1129	536	869	1.30e-88	303
FUN_032982-T1	sp|P14832|CYPH_YEAST	68.125	160	51	0	5	164	3	162	9.57e-79	228
FUN_033114-T1	sp|P22467|MYOA_DICDI	32.695	679	415	13	14	681	17	664	1.04e-101	343
FUN_033210-T1	sp|Q59KY8|SIT4_CANAL	42.424	264	134	6	67	325	33	283	7.92e-65	207
FUN_033488-T1	sp|P22082|SNF2_YEAST	39.866	597	288	11	273	861	758	1291	1.93e-130	426
FUN_033510-T1	sp|P24062|IGF1R_RAT	32.258	403	234	11	400	794	893	1264	6.44e-54	200
FUN_033510-T2	sp|P24062|IGF1R_RAT	32.258	403	234	11	185	579	893	1264	5.49e-55	199
FUN_033693-T1	sp|Q5ZL16|WIPI3_CHICK	78.363	342	73	1	1	342	1	341	0.0	574
FUN_033752-T1	sp|Q9JI85|NUCB2_RAT	42.787	409	197	10	9	396	11	403	5.71e-83	257
FUN_033762-T1	sp|Q9VFC8|GYS_DROME	60.000	655	244	5	15	652	50	703	0.0	801
FUN_033765-T1	sp|Q5A762|MLT1_CANAL	32.660	594	368	10	745	1307	986	1578	5.03e-79	284
FUN_033777-T1	sp|P35790|CHKA_HUMAN	41.953	379	194	6	13	374	88	457	4.02e-100	301
FUN_033778-T1	sp|O61734|CYCL_DROME	49.880	415	188	7	12	418	10	412	3.10e-138	407
FUN_033854-T1	sp|P98166|VLDLR_RAT	30.147	408	263	9	289	681	385	785	2.36e-54	203
FUN_033854-T2	sp|P98166|VLDLR_RAT	30.147	408	263	9	126	518	385	785	1.00e-54	204
FUN_033855-T1	sp|P98166|VLDLR_RAT	29.897	388	250	9	307	678	404	785	8.98e-52	195
FUN_033873-T1	sp|P08155|KRH1_DROME	41.784	213	112	6	308	520	268	468	2.40e-44	169
FUN_033885-T1	sp|Q9I7I7|SIRT2_DROME	49.829	293	123	8	110	383	48	335	5.27e-91	280
FUN_033934-T1	sp|Q7K0S9|GLIS2_DROME	45.181	166	76	4	252	415	124	276	2.60e-42	151
FUN_033935-T1	sp|Q7K0S9|GLIS2_DROME	41.808	177	86	4	221	391	128	293	4.02e-41	148
FUN_033936-T1	sp|Q7K0S9|GLIS2_DROME	43.316	187	93	4	272	457	125	299	2.46e-45	159
FUN_033968-T1	sp|Q5AP53|CBK1_CANAL	46.764	479	221	7	7	451	253	731	1.04e-154	453
FUN_033999-T1	sp|P23739|SUIS_RAT	26.560	689	411	32	172	845	242	850	2.41e-44	171
FUN_034029-T1	sp|Q9U2X0|ANM1_CAEEL	66.159	328	108	2	53	377	20	347	2.01e-171	479
FUN_034111-T1	sp|Q8N0Z6|TTC5_HUMAN	50.331	302	148	2	2	301	88	389	1.62e-104	310
FUN_034112-T1	sp|P38116|ARL1_YEAST	67.582	182	58	1	1	181	1	182	4.14e-90	258
FUN_034229-T1	sp|Q5AG71|HSL1_CANAL	44.253	348	165	5	9	333	62	403	8.09e-96	320
FUN_034229-T2	sp|Q5AG71|HSL1_CANAL	44.550	211	102	3	32	233	199	403	2.10e-53	191
FUN_034245-T1	sp|P24062|IGF1R_RAT	34.737	285	169	5	375	652	989	1263	2.98e-49	183
FUN_034253-T1	sp|P08069|IGF1R_HUMAN	33.333	315	195	8	456	766	977	1280	3.45e-48	181
FUN_034260-T1	sp|Q54QV3|YAKA_DICDI	37.864	412	226	11	46	431	142	549	5.38e-72	261
FUN_034300-T1	sp|Q13615|MTMR3_HUMAN	30.580	448	267	11	1191	1623	154	572	1.99e-53	203
FUN_034303-T1	sp|P34138|PTP2_DICDI	39.706	204	103	4	439	635	137	327	5.33e-42	153
FUN_034345-T1	sp|Q9Z1P8|ANGL4_MOUSE	33.913	230	136	5	136	355	180	403	1.15e-42	150
FUN_034360-T1	sp|Q66HE5|NUAK2_RAT	39.863	291	164	7	1	286	39	323	5.89e-65	212
FUN_034376-T1	sp|Q9C0C7|AMRA1_HUMAN	53.302	212	93	3	475	683	825	1033	4.77e-68	240
FUN_034486-T1	sp|Q5PQT2|MTMR3_RAT	38.821	407	197	7	537	892	168	573	8.12e-81	283
FUN_034598-T1	sp|P08155|KRH1_DROME	39.706	204	121	1	154	355	267	470	2.06e-46	166
FUN_034780-T1	sp|O88967|YMEL1_MOUSE	42.630	441	233	6	280	715	278	703	1.70e-110	349
FUN_034818-T1	sp|P11142|HSP7C_HUMAN	81.982	111	20	0	1	111	449	559	2.18e-61	194
FUN_034832-T1	sp|Q86JF2|LVSB_DICDI	34.063	731	376	21	241	926	3432	4101	2.24e-105	358
FUN_034834-T1	sp|O88967|YMEL1_MOUSE	37.832	452	266	6	298	746	268	707	8.80e-98	316
FUN_034852-T1	sp|O70283|WNT2B_MOUSE	37.829	304	177	6	319	620	85	378	9.91e-60	201
FUN_034967-T1	sp|Q4FZW5|SEH1A_XENLA	72.644	329	84	4	1	327	1	325	3.53e-180	501
FUN_034972-T1	sp|P52497|SNF1_CANAX	33.557	298	174	5	83	377	32	308	9.34e-54	185
FUN_035003-T1	sp|Q00960|NMDE2_RAT	30.635	457	258	16	443	861	406	841	6.69e-52	195
FUN_035043-T1	sp|P30099|C11B2_RAT	30.754	504	309	11	32	519	27	506	7.86e-69	226
FUN_035044-T1	sp|P30099|C11B2_RAT	30.310	452	295	9	76	521	69	506	2.18e-59	201
FUN_035044-T2	sp|P30099|C11B2_RAT	30.556	504	310	11	34	521	27	506	6.64e-68	224
FUN_035046-T1	sp|P30099|C11B2_RAT	32.009	453	286	8	76	521	69	506	6.03e-66	219
FUN_035093-T1	sp|P16378|GNAO_DROME	44.507	355	168	8	22	371	19	349	1.20e-90	273
FUN_035222-T1	sp|Q00168|KCC2A_DROME	38.214	280	166	3	62	336	11	288	2.31e-57	197
FUN_035244-T1	sp|P51652|AKC1H_RAT	33.904	292	153	7	47	298	8	299	1.97e-46	156
FUN_035271-T1	sp|P13587|ATN1_YEAST	31.370	781	412	20	50	706	36	816	1.19e-94	314
FUN_035467-T1	sp|Q16822|PCKGM_HUMAN	62.459	610	222	6	9	613	30	637	0.0	814
FUN_035468-T1	sp|Q16822|PCKGM_HUMAN	64.975	611	204	6	42	646	32	638	0.0	843
FUN_035665-T1	sp|P06782|SNF1_YEAST	37.700	313	186	5	8	319	44	348	3.93e-63	221
FUN_035693-T1	sp|Q8QZR5|ALAT1_MOUSE	55.242	496	214	5	3	495	5	495	0.0	550
FUN_035697-T1	sp|Q8QZR5|ALAT1_MOUSE	45.530	481	255	5	2	479	19	495	3.77e-158	455
FUN_035698-T1	sp|P24298|ALAT1_HUMAN	41.446	415	218	5	14	405	55	467	5.20e-114	340
FUN_035701-T1	sp|Q8QZR5|ALAT1_MOUSE	42.500	480	270	5	5	480	19	496	5.75e-135	396
FUN_035728-T1	sp|P07154|CATL1_RAT	55.063	316	126	6	24	330	25	333	2.14e-122	352
FUN_035728-T2	sp|P07154|CATL1_RAT	55.063	316	126	6	41	347	25	333	2.55e-122	352
FUN_035730-T1	sp|P07154|CATL1_RAT	52.229	314	134	6	26	330	27	333	1.51e-114	332
FUN_035733-T1	sp|P07154|CATL1_RAT	57.595	316	118	6	21	327	25	333	3.12e-124	357
FUN_035737-T1	sp|P22082|SNF2_YEAST	38.298	517	273	10	773	1266	766	1259	5.45e-106	374
FUN_035738-T1	sp|Q99260|YPT6_YEAST	36.842	209	124	5	7	211	11	215	1.33e-42	140
FUN_035752-T1	sp|Q24472|RBF_DROME	35.275	601	318	17	1	585	18	563	1.00e-102	340
FUN_035758-T1	sp|P32183|FOXA3_RAT	65.217	115	40	0	77	191	119	233	1.40e-47	165
FUN_035819-T1	sp|Q9CVD2|ATX3_MOUSE	45.755	212	97	4	1	197	69	277	3.09e-55	177
FUN_035822-T1	sp|Q6PJI9|WDR59_HUMAN	42.785	797	395	16	18	778	11	782	0.0	588
FUN_035824-T1	sp|P16378|GNAO_DROME	69.774	354	107	0	1	354	1	354	0.0	508
FUN_035828-T1	sp|P24062|IGF1R_RAT	47.636	275	143	1	797	1071	991	1264	7.13e-74	266
FUN_035852-T1	sp|Q9BQI3|E2AK1_HUMAN	33.603	619	299	15	65	652	79	616	1.82e-85	279
FUN_035857-T1	sp|P29288|PPA5_RAT	39.550	311	170	6	15	312	21	326	2.01e-76	234
FUN_035878-T1	sp|Q01650|LAT1_HUMAN	47.368	456	233	4	19	472	30	480	5.20e-139	407
FUN_035880-T1	sp|Q01650|LAT1_HUMAN	45.043	464	250	3	45	506	39	499	1.55e-127	379
FUN_035880-T2	sp|Q01650|LAT1_HUMAN	45.916	453	240	3	45	495	39	488	2.87e-129	382
FUN_035882-T1	sp|Q01650|LAT1_HUMAN	41.788	481	272	4	34	512	33	507	6.59e-124	369
FUN_035897-T1	sp|Q99260|YPT6_YEAST	41.341	179	99	3	1	177	1	175	4.29e-46	149
FUN_035981-T1	sp|P25491|MAS5_YEAST	44.604	417	210	8	1	405	2	409	2.31e-112	332
FUN_036027-T1	sp|P60522|GBRL2_RAT	75.862	116	28	0	1	116	1	116	5.77e-66	192
FUN_036042-T1	sp|O00750|P3C2B_HUMAN	41.048	1374	767	16	284	1636	275	1626	0.0	996
FUN_036096-T1	sp|P9WQJ7|IRTB_MYCTU	28.345	441	285	8	329	756	146	568	4.86e-50	182
FUN_036110-T1	sp|Q63707|PYRD_RAT	58.987	395	151	3	9	397	4	393	5.95e-159	450
FUN_036172-T1	sp|Q504M2|PDP2_MOUSE	34.615	442	239	9	124	544	109	521	9.69e-68	225
FUN_036173-T1	sp|Q00168|KCC2A_DROME	38.065	310	180	6	3	307	10	312	4.12e-69	221
FUN_036174-T1	sp|Q00168|KCC2A_DROME	46.104	308	159	4	2	306	9	312	1.21e-91	283
FUN_036196-T1	sp|P34117|CDK5_DICDI	43.706	286	158	2	37	322	3	285	3.28e-85	258
FUN_036773-T1	sp|P24062|IGF1R_RAT	38.112	286	164	3	396	678	993	1268	1.24e-59	215
FUN_036879-T1	sp|Q43870|APS2_ARATH	62.404	391	142	5	230	616	74	463	9.72e-175	502
FUN_036905-T1	sp|Q5A762|MLT1_CANAL	28.602	1409	832	29	66	1338	230	1600	3.82e-170	546
FUN_036911-T1	sp|P40953|CHI2_CANAL	35.315	286	153	7	37	322	28	281	1.78e-46	165
FUN_036919-T1	sp|P24752|THIL_HUMAN	41.221	393	223	6	5	395	39	425	6.63e-90	275
FUN_036939-T1	sp|Q00960|NMDE2_RAT	28.281	541	311	17	320	819	335	839	3.26e-50	189
FUN_037167-T1	sp|P08155|KRH1_DROME	40.201	199	116	2	946	1142	267	464	2.04e-44	171
FUN_037170-T1	sp|Q63886|UD11_MOUSE	28.719	484	319	10	37	505	40	512	5.55e-63	212
FUN_037307-T1	sp|P38116|ARL1_YEAST	53.448	174	76	1	1	169	1	174	2.81e-68	202
FUN_037308-T1	sp|P38116|ARL1_YEAST	57.576	132	51	1	1	127	1	132	6.34e-55	169
FUN_037309-T1	sp|Q12123|DCS2_YEAST	37.920	327	159	10	27	315	3	323	4.29e-55	180
FUN_037327-T1	sp|O93852|ALO1_CANAL	27.214	463	260	9	20	406	19	480	1.53e-58	199
FUN_037445-T1	sp|Q99683|M3K5_HUMAN	41.573	267	134	10	1539	1796	685	938	7.78e-53	201
FUN_037455-T1	sp|P9WQJ9|IRTA_MYCTU	41.343	283	156	6	397	676	535	810	7.31e-46	172
FUN_037455-T2	sp|P9WQJ9|IRTA_MYCTU	42.568	296	160	6	397	689	535	823	2.49e-51	188
FUN_037464-T1	sp|Q8TFG6|PPK18_SCHPO	51.613	155	73	2	20	173	563	716	2.15e-44	171
FUN_037479-T1	sp|O96621|ARP2_DICDI	45.506	356	180	5	1832	2173	8	363	8.00e-103	333
FUN_037488-T1	sp|Q3UMR5|MCU_MOUSE	56.250	272	119	0	46	317	71	342	3.10e-113	329
FUN_037489-T1	sp|Q8VCX5|MICU1_MOUSE	47.289	461	212	8	57	499	30	477	7.34e-141	411
FUN_037492-T1	sp|Q5ABC6|MOB2_CANAL	41.209	182	105	1	36	217	129	308	5.20e-51	164
FUN_037495-T1	sp|O02002|CASP1_DROME	37.698	252	133	8	149	385	71	313	2.35e-48	164
FUN_037496-T1	sp|Q13873|BMPR2_HUMAN	30.864	486	281	18	41	505	53	504	1.59e-55	198
FUN_037529-T1	sp|P08799|MYS2_DICDI	42.989	435	231	5	55	481	76	501	1.69e-111	360
FUN_037545-T1	sp|Q8T9S7|PTEN_DICDI	54.930	213	96	0	16	228	4	216	1.71e-78	250
FUN_037553-T1	sp|Q94527|NFKB1_DROME	28.928	681	393	24	43	699	150	763	1.05e-59	217
FUN_037568-T1	sp|Q54AX5|LRRA_DICDI	29.032	465	301	6	124	562	27	488	8.81e-42	154
FUN_037584-T1	sp|Q9D0K0|TBCD7_MOUSE	42.373	295	164	5	1	292	1	292	9.29e-76	230
FUN_037590-T1	sp|P9WQJ9|IRTA_MYCTU	32.558	473	288	13	124	585	381	833	3.52e-52	189
FUN_037686-T1	sp|P04256|ROA1_RAT	43.169	183	90	4	9	190	11	180	7.45e-42	147
FUN_037687-T1	sp|A0JPN2|S39A4_RAT	29.339	484	275	17	38	482	201	656	3.06e-50	178
FUN_037744-T1	sp|Q5ALX3|SPT5_CANAL	29.244	701	436	19	102	779	164	827	2.83e-81	281
FUN_037768-T1	sp|P07953|F261_RAT	53.828	431	167	4	73	502	36	435	5.39e-166	476
FUN_037826-T1	sp|P15651|ACADS_RAT	39.305	374	223	2	28	401	34	403	1.15e-83	271
FUN_037847-T1	sp|Q24314|VPS18_DROME	33.202	1018	588	25	12	971	19	1002	9.41e-172	524
FUN_037870-T1	sp|B4GFJ8|RAS1_DROPE	75.862	174	36	2	25	192	16	189	6.95e-92	263
FUN_037906-T1	sp|P38116|ARL1_YEAST	48.765	162	82	1	385	546	14	174	1.08e-50	169
FUN_037939-T1	sp|O96621|ARP2_DICDI	48.021	379	182	4	4	367	2	380	3.55e-131	378
FUN_037940-T1	sp|O96621|ARP2_DICDI	48.267	375	179	4	8	367	6	380	5.93e-131	378
FUN_037959-T1	sp|Q9GQ00|MOD1_CAEEL	26.077	441	290	9	64	486	57	479	5.57e-48	169
FUN_037959-T2	sp|Q9GQ00|MOD1_CAEEL	26.077	441	290	9	55	477	57	479	4.20e-48	169
FUN_037971-T1	sp|Q8VY10|UBC24_ARATH	40.234	256	137	5	708	957	619	864	2.45e-45	174
FUN_038028-T1	sp|Q2KHT3|CL16A_HUMAN	49.603	881	383	14	1	871	1	830	0.0	795
FUN_038034-T1	sp|Q5AHG6|SCH9_CANAL	38.644	295	166	8	40	326	389	676	3.88e-55	194
FUN_038034-T2	sp|Q5AHG6|SCH9_CANAL	38.644	295	166	8	40	326	389	676	7.66e-55	193
FUN_038043-T1	sp|Q8N122|RPTOR_HUMAN	60.162	1358	471	15	14	1340	15	1333	0.0	1656
FUN_038043-T2	sp|Q8N122|RPTOR_HUMAN	60.278	1294	444	15	14	1276	15	1269	0.0	1571
FUN_038051-T1	sp|O96621|ARP2_DICDI	48.021	379	182	4	14	377	2	380	1.89e-130	377
FUN_038052-T1	sp|O96621|ARP2_DICDI	48.285	379	181	4	4	367	2	380	3.37e-132	381
FUN_038054-T1	sp|A7TGU7|DHH1_VANPO	32.723	382	255	2	5	386	26	405	1.22e-71	231
FUN_038054-T2	sp|A7TGU7|DHH1_VANPO	33.129	326	216	2	5	330	26	349	3.89e-61	200
FUN_038100-T1	sp|Q64617|KPCL_RAT	57.958	333	139	1	339	670	349	681	4.32e-136	412
FUN_038117-T1	sp|P49815|TSC2_HUMAN	37.976	1156	584	18	1	1072	108	1214	0.0	743
FUN_038117-T2	sp|P49816|TSC2_RAT	38.296	1256	640	21	9	1180	10	1214	0.0	813
FUN_038124-T1	sp|O96621|ARP2_DICDI	48.549	379	180	4	4	367	2	380	4.78e-132	380
FUN_038166-T1	sp|P85037|FOXK1_HUMAN	64.151	318	113	1	39	355	106	423	6.62e-141	424
FUN_038166-T2	sp|P85037|FOXK1_HUMAN	64.151	318	113	1	39	355	106	423	1.09e-141	423
FUN_038182-T1	sp|P22082|SNF2_YEAST	33.868	561	311	15	859	1411	763	1271	1.14e-77	281
FUN_038182-T2	sp|P22082|SNF2_YEAST	33.868	561	311	15	1327	1879	763	1271	1.72e-77	282
FUN_038217-T1	sp|P08799|MYS2_DICDI	37.105	760	440	10	39	784	65	800	2.15e-149	514
FUN_038245-T1	sp|Q9UKX3|MYH13_HUMAN	47.412	1913	981	8	19	1913	28	1933	0.0	1685
FUN_038246-T1	sp|Q9UBH6|S53A1_HUMAN	44.304	395	201	7	67	443	225	618	1.36e-104	323
FUN_038247-T1	sp|P02994|EF1A_YEAST	38.902	437	247	6	126	547	5	436	1.21e-109	332
FUN_038252-T1	sp|Q5ZHN3|WIPI2_CHICK	66.063	442	142	6	1	440	1	436	0.0	582
FUN_038252-T2	sp|Q5ZHN3|WIPI2_CHICK	77.500	240	53	1	1	239	1	240	1.42e-136	388
FUN_038269-T1	sp|Q21307|MEK1_CAEEL	46.127	284	139	5	79	362	77	346	2.16e-83	254
FUN_038291-T1	sp|Q43260|DHE3_MAIZE	30.769	403	247	6	58	450	28	408	7.11e-56	187
FUN_038292-T1	sp|Q6H3Y7|DHE3_ORYSJ	31.608	367	241	3	46	412	20	376	1.12e-55	187
FUN_038297-T1	sp|Q9UKX3|MYH13_HUMAN	38.597	1925	1144	15	24	1933	32	1933	0.0	1197
FUN_038312-T1	sp|P34145|RAC1B_DICDI	71.324	136	38	1	5	139	59	194	4.19e-69	204
FUN_038373-T1	sp|P55851|UCP2_HUMAN	33.333	282	172	5	27	295	17	295	8.96e-46	154
FUN_038418-T1	sp|A5DIP0|DHH1_PICGU	32.000	375	242	4	125	499	30	391	5.81e-60	207
FUN_038418-T2	sp|A5DIP0|DHH1_PICGU	32.000	375	242	4	125	499	30	391	1.07e-58	201
FUN_038419-T1	sp|Q21307|MEK1_CAEEL	39.077	325	180	7	28	347	35	346	2.67e-76	236
FUN_038432-T1	sp|P38116|ARL1_YEAST	42.391	184	100	4	1	184	1	178	8.15e-43	139
FUN_038439-T1	sp|Q8VIJ8|NPRL3_MOUSE	47.751	578	253	10	2	546	3	564	3.66e-179	514
FUN_038477-T1	sp|Q9EP80|PICK1_RAT	65.205	365	127	0	2	366	5	369	0.0	514
FUN_038508-T1	sp|Q6BZG7|KAPR_DEBHA	39.867	301	164	5	65	360	152	440	1.95e-62	204
FUN_038535-T1	sp|Q91V26|SPHK1_RAT	35.641	390	191	9	138	516	14	354	7.08e-70	226
FUN_038659-T1	sp|Q54D08|LST8_DICDI	47.059	306	154	5	10	314	3	301	3.58e-101	296
FUN_038682-T1	sp|Q54D08|LST8_DICDI	47.386	306	153	5	10	314	3	301	1.57e-102	300
FUN_038682-T2	sp|Q54D08|LST8_DICDI	43.946	223	118	4	10	231	3	219	5.98e-67	206
FUN_038688-T1	sp|Q94A28|ACO2M_ARATH	28.986	759	404	26	92	721	177	929	5.55e-62	222
FUN_038721-T1	sp|P54822|PUR8_MOUSE	76.364	165	39	0	1	165	292	456	5.42e-93	275
FUN_038727-T1	sp|P30566|PUR8_HUMAN	72.867	457	124	0	1	457	26	482	0.0	713
FUN_038761-T1	sp|Q5A762|MLT1_CANAL	44.482	299	143	5	6	281	1300	1598	3.98e-76	249
FUN_038763-T1	sp|Q5A762|MLT1_CANAL	26.091	1077	617	35	23	960	234	1270	3.65e-82	288
FUN_038766-T1	sp|Q5A762|MLT1_CANAL	29.851	1407	777	43	23	1261	234	1598	7.43e-167	536
FUN_038772-T1	sp|Q5A762|MLT1_CANAL	30.028	1412	768	39	23	1261	234	1598	2.79e-168	539
FUN_038773-T1	sp|Q5A762|MLT1_CANAL	30.301	1330	745	35	9	1189	302	1598	4.56e-162	520
FUN_038774-T1	sp|Q5A762|MLT1_CANAL	49.375	160	60	2	2	140	1439	1598	8.57e-45	153
FUN_038776-T1	sp|Q5A762|MLT1_CANAL	25.811	678	403	15	141	727	367	1035	8.05e-55	201
FUN_038777-T1	sp|Q5A762|MLT1_CANAL	41.896	327	160	6	17	320	1279	1598	1.81e-75	249
FUN_038778-T1	sp|Q5A762|MLT1_CANAL	27.672	889	509	25	181	960	407	1270	3.37e-84	295
FUN_038780-T1	sp|Q5A762|MLT1_CANAL	37.291	539	278	13	2	496	1076	1598	1.40e-104	340
FUN_038780-T2	sp|Q5A762|MLT1_CANAL	37.477	539	277	13	2	496	1076	1598	5.56e-105	341
FUN_038781-T1	sp|Q5A762|MLT1_CANAL	24.756	820	484	22	23	727	234	1035	9.94e-57	207
FUN_038782-T1	sp|Q5A762|MLT1_CANAL	30.507	1262	710	32	141	1263	367	1600	7.20e-164	528
FUN_038795-T1	sp|Q02401|LPH_RAT	47.764	492	233	9	30	512	896	1372	3.69e-149	466
FUN_038798-T1	sp|Q02401|LPH_RAT	49.598	498	235	8	44	537	1357	1842	2.11e-153	479
FUN_038807-T1	sp|P38116|ARL1_YEAST	55.000	160	71	1	1	159	1	160	2.86e-63	190
FUN_038831-T1	sp|P22082|SNF2_YEAST	35.458	502	284	9	411	903	767	1237	8.29e-86	306
FUN_038831-T2	sp|P22082|SNF2_YEAST	35.458	502	284	9	411	903	767	1237	2.97e-86	305
FUN_038835-T1	sp|Q6CFT4|VPS27_YARLI	28.078	463	261	15	1	454	1	400	8.51e-46	171
FUN_038921-T1	sp|Q59KY8|SIT4_CANAL	42.809	299	159	6	12	303	3	296	7.81e-81	244
FUN_039030-T1	sp|P9WQE9|PHAS_MYCTU	30.925	692	408	16	359	1003	1430	2098	3.07e-57	215
FUN_039032-T1	sp|Q55E72|PKS1_DICDI	27.282	1030	602	31	15	910	12	1028	1.28e-101	349
FUN_039101-T1	sp|P16378|GNAO_DROME	44.214	337	185	3	22	357	19	353	1.10e-103	306
FUN_039287-T1	sp|P34117|CDK5_DICDI	46.233	292	150	4	681	972	1	285	1.53e-84	272
FUN_039319-T1	sp|P04637|P53_HUMAN	31.707	328	149	7	128	452	97	352	2.59e-44	157
FUN_039319-T2	sp|P04637|P53_HUMAN	31.034	377	173	11	128	500	97	390	8.84e-44	157
FUN_039776-T1	sp|P36408|GBB_DICDI	47.564	349	178	3	3	349	2	347	2.10e-120	348
FUN_039793-T1	sp|Q6PF93|PK3C3_MOUSE	66.215	885	272	8	9	868	5	887	0.0	1168
FUN_039827-T1	sp|P24062|IGF1R_RAT	41.455	275	143	6	241	498	990	1263	7.20e-59	218
FUN_040071-T1	sp|P17439|GBA1_MOUSE	48.111	503	243	7	45	542	23	512	1.62e-174	499
FUN_040101-T1	sp|P54677|PI4K_DICDI	46.512	258	136	1	1	256	921	1178	1.36e-84	271
FUN_040103-T1	sp|P0CY34|TUP1_CANAL	32.544	338	189	10	35	342	180	508	9.18e-45	157
FUN_040107-T1	sp|Q90593|BIP_CHICK	83.231	650	95	4	21	669	16	652	0.0	1096
FUN_040138-T1	sp|P25491|MAS5_YEAST	48.309	414	200	8	1	405	1	409	3.33e-119	350
FUN_040205-T1	sp|Q8I1I3|SH3G3_DROER	47.934	363	175	5	1	352	1	360	7.16e-113	330
FUN_040205-T2	sp|Q8I1A6|SH3G3_DROWI	55.078	256	111	3	1	255	1	253	9.49e-96	286
FUN_040232-T1	sp|Q8TGB2|GPI7_CANAL	32.958	355	191	9	12	346	13	340	2.84e-47	180
FUN_040239-T1	sp|P08799|MYS2_DICDI	38.912	735	403	13	7	728	89	790	2.36e-149	487
FUN_040239-T2	sp|P08799|MYS2_DICDI	37.500	400	216	8	19	411	418	790	5.13e-71	249
FUN_040239-T3	sp|P08799|MYS2_DICDI	36.211	475	268	9	1	468	344	790	5.20e-81	280
FUN_040241-T1	sp|Q21221|AHO3_CAEEL	59.717	283	110	3	2	283	26	305	5.54e-127	362
FUN_040244-T1	sp|P09202|F16P_SCHPO	44.767	344	171	5	5	333	8	347	1.68e-103	305
FUN_040266-T1	sp|Q00168|KCC2A_DROME	37.079	267	162	3	12	276	10	272	2.44e-60	197
FUN_040424-T1	sp|Q54X82|AP1B_DICDI	32.807	570	333	13	32	593	17	544	1.17e-78	274
FUN_040494-T1	sp|Q5R7G9|NUAK2_PONAB	41.704	223	125	2	62	284	53	270	1.22e-50	174
FUN_040548-T1	sp|Q9Y1I2|VP33A_DROME	27.835	582	364	16	3	542	47	614	5.47e-65	219
FUN_040680-T1	sp|Q54PQ4|GEFA_DICDI	32.967	364	202	12	1109	1444	253	602	8.17e-42	160
FUN_040680-T2	sp|Q54PQ4|GEFA_DICDI	32.967	364	202	12	794	1129	253	602	9.71e-42	159
FUN_040688-T1	sp|A5DIP0|DHH1_PICGU	34.586	399	227	11	207	593	3	379	8.46e-59	204
FUN_040866-T1	sp|P14832|CYPH_YEAST	57.576	132	55	1	29	160	3	133	1.25e-50	157
FUN_041158-T1	sp|P9WQE9|PHAS_MYCTU	26.618	2055	1307	65	870	2858	27	1946	2.25e-165	565
FUN_041212-T1	sp|P15064|RASG_DICDI	48.408	157	81	0	8	164	16	172	7.29e-55	169
FUN_041463-T1	sp|P98166|VLDLR_RAT	38.483	356	177	9	1060	1411	33	350	2.27e-61	226
FUN_041496-T1	sp|P62853|RS25_RAT	78.022	91	20	0	26	116	33	123	5.97e-41	129
FUN_041531-T1	sp|Q8BJW6|EIF2A_MOUSE	54.152	277	117	5	1	269	295	569	5.98e-89	273
FUN_041531-T2	sp|Q8BJW6|EIF2A_MOUSE	53.242	509	225	6	1	498	18	524	0.0	553
FUN_041544-T1	sp|Q9P289|STK26_HUMAN	63.048	433	124	5	3	423	2	410	1.43e-176	496
FUN_041551-T1	sp|Q62829|PAK3_RAT	67.642	547	154	8	1	532	5	543	0.0	707
FUN_041565-T1	sp|Q00168|KCC2A_DROME	38.596	399	216	8	5	383	10	399	7.36e-82	271
FUN_041607-T1	sp|P15651|ACADS_RAT	36.544	353	210	5	112	458	59	403	7.89e-63	211
FUN_041634-T1	sp|Q8BRK8|AAPK2_MOUSE	42.169	332	175	4	38	362	11	332	3.01e-84	275
FUN_041638-T1	sp|O94168|SNF1_CANTR	44.231	260	135	4	1	254	104	359	6.23e-68	237
FUN_041642-T1	sp|Q17389|CUL1_CAEEL	30.744	618	377	14	6	580	171	780	6.01e-85	278
FUN_041658-T1	sp|P56500|UCP2_RAT	35.172	290	176	3	6	293	17	296	8.88e-64	200
FUN_041667-T1	sp|P24062|IGF1R_RAT	38.652	282	162	6	963	1243	992	1263	1.59e-54	205
FUN_041681-T1	sp|P08069|IGF1R_HUMAN	37.092	337	195	6	933	1268	965	1285	2.14e-61	228
FUN_041730-T1	sp|P22682|CBL_MOUSE	61.506	478	179	4	58	534	49	522	0.0	603
FUN_041751-T1	sp|Q9GQ00|MOD1_CAEEL	28.315	445	263	12	60	467	56	481	1.19e-53	184
FUN_041758-T1	sp|P20153|USP_DROME	29.919	371	218	4	86	417	104	471	3.14e-48	169
FUN_041759-T1	sp|Q6FQU5|DHH1_CANGA	70.617	405	119	0	21	425	2	406	0.0	612
FUN_041777-T1	sp|Q54QV3|YAKA_DICDI	37.143	420	223	9	66	453	137	547	1.18e-77	268
FUN_041784-T1	sp|P09215|KPCD_RAT	38.384	297	174	4	15	307	341	632	1.68e-69	226
FUN_041786-T1	sp|P08069|IGF1R_HUMAN	34.520	281	175	5	359	633	991	1268	2.31e-49	182
FUN_041820-T1	sp|P56705|WNT4_HUMAN	41.193	352	196	6	6	354	7	350	3.47e-96	287
FUN_041861-T1	sp|Q925S8|YMEL1_RAT	41.593	226	129	2	132	357	277	499	5.54e-51	179
FUN_041871-T1	sp|Q7K0S9|GLIS2_DROME	46.296	162	73	4	280	439	127	276	7.35e-45	159
FUN_041875-T1	sp|P51136|GSK3_DICDI	70.283	212	61	1	17	228	94	303	3.41e-112	327
FUN_041877-T1	sp|Q17389|CUL1_CAEEL	29.931	725	446	16	66	753	81	780	2.72e-97	316
FUN_041888-T1	sp|P39517|DHH1_YEAST	43.152	387	218	2	23	409	29	413	4.51e-104	314
FUN_041897-T1	sp|Q3SX43|RRAGA_BOVIN	92.381	210	16	0	4	213	3	212	1.51e-148	414
FUN_041920-T1	sp|Q6ZKM2|CSN6_ORYSJ	42.411	224	109	5	59	266	31	250	1.80e-57	185
FUN_041932-T1	sp|P24062|IGF1R_RAT	36.531	271	158	5	530	788	995	1263	3.39e-47	179
FUN_041938-T1	sp|P20961|PAI1_RAT	32.718	379	242	9	56	430	33	402	1.68e-59	197
FUN_041962-T1	sp|Q99260|YPT6_YEAST	59.722	216	69	4	6	208	5	215	7.85e-90	260
FUN_042033-T1	sp|P08155|KRH1_DROME	35.764	288	162	5	165	444	194	466	1.04e-49	178
FUN_042128-T1	sp|Q5A762|MLT1_CANAL	31.970	929	506	17	155	971	686	1600	1.35e-145	469
FUN_042134-T1	sp|Q5A762|MLT1_CANAL	29.589	1193	664	28	40	1104	454	1598	4.66e-148	480
FUN_042134-T2	sp|Q5A762|MLT1_CANAL	28.155	1339	782	30	73	1280	309	1598	1.07e-149	489
FUN_042596-T1	sp|A3LWX3|DHH1_PICST	31.285	358	231	4	239	596	30	372	2.01e-52	186
FUN_042596-T2	sp|A3LWX3|DHH1_PICST	31.285	358	231	4	239	596	30	372	8.92e-53	186
FUN_042597-T1	sp|Q8BGE6|ATG4B_MOUSE	33.333	363	183	11	65	399	18	349	1.00e-60	200
FUN_042610-T1	sp|P37297|STT4_YEAST	41.374	626	322	13	1397	2018	1315	1899	3.91e-135	465
FUN_042636-T1	sp|A0A386KZI3|DABD_PSEMU	28.000	450	286	10	93	518	123	558	6.00e-46	166
FUN_042654-T1	sp|P10361|P53_RAT	38.403	263	148	6	142	397	94	349	8.28e-53	178
FUN_042807-T1	sp|P24062|IGF1R_RAT	36.333	300	163	6	179	450	970	1269	9.55e-57	200
FUN_042814-T1	sp|P22467|MYOA_DICDI	42.551	933	456	13	13	874	9	932	0.0	766
FUN_042814-T2	sp|P22467|MYOA_DICDI	41.481	810	394	13	1	739	132	932	0.0	632
FUN_042848-T1	sp|A7TGU7|DHH1_VANPO	36.883	385	237	5	41	425	29	407	1.09e-81	256
FUN_042956-T1	sp|Q02256|PVH1_YEAST	34.266	286	156	7	49	302	62	347	1.12e-49	166
FUN_042958-T1	sp|Q9LT02|PDR2_ARATH	44.149	1205	604	19	10	1196	11	1164	0.0	970
FUN_042958-T2	sp|Q9LT02|PDR2_ARATH	44.525	968	472	17	10	960	11	930	0.0	775
FUN_042972-T1	sp|Q8TEY7|UBP33_HUMAN	43.113	893	435	15	4	841	39	913	0.0	721
FUN_043097-T1	sp|Q6DD44|XPR1_XENLA	50.309	485	214	10	1	465	215	692	9.39e-165	478
FUN_043097-T2	sp|Q6DD44|XPR1_XENLA	50.640	703	314	12	1	681	1	692	0.0	692
FUN_043097-T3	sp|Q6DD44|XPR1_XENLA	49.570	581	268	10	38	600	26	599	0.0	558
FUN_043113-T1	sp|Q8I190|SH3G3_DROVI	37.772	368	210	5	1	351	1	366	3.14e-79	244
FUN_043119-T1	sp|Q9Y5T4|DJC15_HUMAN	61.607	112	40	2	3	112	39	149	1.71e-44	139
FUN_043156-T1	sp|P87253|KPC1_NEUCR	51.852	351	167	1	623	973	793	1141	1.73e-124	403
FUN_043166-T1	sp|P98166|VLDLR_RAT	30.958	407	248	12	942	1336	402	787	3.49e-49	187
FUN_043182-T1	sp|Q9Z136|TSC1_RAT	38.211	369	208	4	11	371	5	361	2.52e-68	246
FUN_043192-T1	sp|Q4KM49|SYYC_RAT	43.220	236	124	6	118	345	295	528	3.38e-47	164
FUN_043192-T2	sp|Q4KM49|SYYC_RAT	47.423	194	93	5	118	303	295	487	6.59e-42	149
FUN_043195-T1	sp|Q9GPF1|AP3M_DICDI	50.000	422	202	7	1	415	1	420	1.22e-142	410
FUN_043252-T1	sp|O74189|PMT1_CANAL	33.425	727	438	16	34	746	35	729	7.97e-103	333
FUN_043279-T1	sp|Q9GQ00|MOD1_CAEEL	26.164	451	282	8	48	452	36	481	4.33e-54	185
FUN_043286-T1	sp|P34117|CDK5_DICDI	39.735	302	163	5	14	313	1	285	2.78e-72	224
FUN_043286-T2	sp|P34117|CDK5_DICDI	37.743	257	142	4	41	295	45	285	2.29e-54	177
FUN_043286-T3	sp|P34117|CDK5_DICDI	37.743	257	142	4	28	282	45	285	1.68e-54	177
FUN_043322-T1	sp|P08069|IGF1R_HUMAN	38.538	301	156	8	695	991	993	1268	1.05e-54	204
FUN_043368-T1	sp|Q63886|UD11_MOUSE	28.463	527	337	15	15	518	25	534	2.56e-58	199
FUN_043420-T1	sp|P05095|ACTNA_DICDI	28.524	603	386	15	1831	2411	281	860	7.93e-62	226
FUN_043447-T1	sp|Q9Z148|EHMT2_MOUSE	46.654	538	278	5	474	1007	698	1230	8.42e-171	531
FUN_043493-T1	sp|P11310|ACADM_HUMAN	73.247	385	101	1	46	428	36	420	0.0	605
FUN_043529-T1	sp|Q9GQ00|MOD1_CAEEL	26.293	464	260	12	47	444	29	476	2.27e-45	162
FUN_043531-T1	sp|Q5R792|ATG5_PONAB	62.371	194	72	1	1	194	1	193	1.45e-94	274
FUN_043565-T1	sp|Q8T6B7|ABCF2_DICDI	38.194	576	320	9	99	658	20	575	1.55e-136	410
FUN_043573-T1	sp|Q6AYE2|SHLB1_RAT	53.571	364	150	3	10	355	2	364	2.41e-135	387
FUN_043573-T2	sp|Q6AYE2|SHLB1_RAT	48.287	321	113	5	1	303	79	364	7.27e-97	287
FUN_043592-T1	sp|Q8NFG4|FLCN_HUMAN	44.088	592	268	12	1	546	1	575	1.81e-164	476
FUN_043674-T1	sp|P30099|C11B2_RAT	29.330	433	279	11	59	484	45	457	2.14e-48	172
FUN_044376-T1	sp|P46614|KPYK_CANAL	49.102	501	251	3	30	528	6	504	1.58e-179	512
FUN_044376-T2	sp|P46614|KPYK_CANAL	51.310	458	220	2	1	457	49	504	9.31e-173	492
FUN_044389-T1	sp|Q14191|WRN_HUMAN	30.534	393	222	8	4	351	1026	1412	3.22e-47	169
FUN_044389-T2	sp|Q14191|WRN_HUMAN	42.729	894	446	14	173	1013	532	1412	0.0	740
FUN_044487-T1	sp|O88967|YMEL1_MOUSE	41.379	232	132	3	464	694	273	501	5.60e-47	176
FUN_045095-T1	sp|Q9LDY2|ODBB2_ARATH	33.699	365	224	8	2	359	4	357	4.54e-63	202
FUN_045277-T1	sp|P98166|VLDLR_RAT	32.494	397	214	9	296	643	358	749	4.91e-53	197
FUN_045277-T2	sp|P98166|VLDLR_RAT	32.494	397	214	9	296	643	358	749	3.27e-52	194
FUN_045475-T1	sp|O09053|WRN_MOUSE	36.451	417	223	13	83	476	508	905	3.13e-70	246
FUN_045727-T1	sp|Q14191|WRN_HUMAN	33.949	433	264	12	519	944	540	957	3.17e-62	229
FUN_045775-T1	sp|Q9H6Y7|RN167_HUMAN	39.004	241	132	8	49	283	43	274	2.68e-49	165
