Sample	FastQC_mqc-generalstats-fastqc-percent_duplicates	FastQC_mqc-generalstats-fastqc-percent_gc	FastQC_mqc-generalstats-fastqc-avg_sequence_length	FastQC_mqc-generalstats-fastqc-median_sequence_length	FastQC_mqc-generalstats-fastqc-percent_fails	FastQC_mqc-generalstats-fastqc-total_sequences
ACR-139-TP1_R1_001	25.75609593213045	20.0	150.0	150	18.181818181818183	42597485.0
ACR-139-TP1_R2_001	26.677653562930388	20.0	150.0	150	18.181818181818183	42597485.0
ACR-139-TP2_R1_001	25.205756844084434	20.0	150.0	150	18.181818181818183	43071845.0
ACR-139-TP2_R2_001	25.780712309955106	20.0	150.0	150	18.181818181818183	43071845.0
ACR-139-TP3_R1_001	27.022961682728678	23.0	150.0	150	27.27272727272727	46529616.0
ACR-139-TP3_R2_001	28.011793959891122	22.0	150.0	150	36.36363636363637	46529616.0
ACR-139-TP4_R1_001	24.44953487373421	20.0	150.0	150	18.181818181818183	41111159.0
ACR-139-TP4_R2_001	25.276113640812724	20.0	150.0	150	18.181818181818183	41111159.0
ACR-145-TP1_R1_001	27.344749510286846	22.0	150.0	150	18.181818181818183	48178737.0
ACR-145-TP1_R2_001	28.363826332106754	21.0	150.0	150	18.181818181818183	48178737.0
ACR-145-TP2_R1_001	24.85777743633375	21.0	150.0	150	18.181818181818183	45207534.0
ACR-145-TP2_R2_001	25.74548338242417	20.0	150.0	150	18.181818181818183	45207534.0
ACR-145-TP3_R1_001	23.66949067369407	22.0	150.0	150	18.181818181818183	43416389.0
ACR-145-TP3_R2_001	24.144608049740285	22.0	150.0	150	27.27272727272727	43416389.0
ACR-145-TP4_R1_001	25.380774203492706	21.0	150.0	150	18.181818181818183	46946594.0
ACR-145-TP4_R2_001	26.325419406606386	20.0	150.0	150	18.181818181818183	46946594.0
ACR-150-TP1_R1_001	27.279434912665153	23.0	150.0	150	27.27272727272727	58276941.0
ACR-150-TP1_R2_001	28.095664943677818	23.0	150.0	150	27.27272727272727	58276941.0
ACR-150-TP2_R1_001	24.866841583170185	20.0	150.0	150	18.181818181818183	40002421.0
ACR-150-TP2_R2_001	25.65209208543017	20.0	150.0	150	18.181818181818183	40002421.0
ACR-150-TP3_R1_001	23.387822715271284	21.0	150.0	150	18.181818181818183	41261610.0
ACR-150-TP3_R2_001	24.244613847760547	20.0	150.0	150	18.181818181818183	41261610.0
ACR-150-TP4_R1_001	23.895184069773947	21.0	150.0	150	9.090909090909092	38855653.0
ACR-150-TP4_R2_001	24.39772569766015	21.0	150.0	150	9.090909090909092	38855653.0
ACR-173-TP1_R1_001	25.576231232079422	21.0	150.0	150	18.181818181818183	42281049.0
ACR-173-TP1_R2_001	26.46812112055872	21.0	150.0	150	18.181818181818183	42281049.0
ACR-173-TP2_R1_001	20.675693785186652	20.0	150.0	150	9.090909090909092	30605474.0
ACR-173-TP2_R2_001	21.06613770877638	20.0	150.0	150	9.090909090909092	30605474.0
ACR-173-TP3_R1_001	25.27385865956701	24.0	150.0	150	27.27272727272727	45294766.0
ACR-173-TP3_R2_001	26.10944318696903	23.0	150.0	150	27.27272727272727	45294766.0
ACR-173-TP4_R1_001	24.46309553536571	25.0	150.0	150	27.27272727272727	43759150.0
ACR-173-TP4_R2_001	25.36853429951877	24.0	150.0	150	27.27272727272727	43759150.0
ACR-186-TP1_R1_001	30.066047924958553	25.0	150.0	150	27.27272727272727	54274968.0
ACR-186-TP1_R2_001	31.145512832589546	24.0	150.0	150	27.27272727272727	54274968.0
ACR-186-TP2_R1_001	25.218608955438214	20.0	150.0	150	18.181818181818183	43160424.0
ACR-186-TP2_R2_001	26.196636221676656	20.0	150.0	150	18.181818181818183	43160424.0
ACR-186-TP3_R1_001	25.55737746963412	21.0	150.0	150	9.090909090909092	39586592.0
ACR-186-TP3_R2_001	26.166413135780147	21.0	150.0	150	9.090909090909092	39586592.0
ACR-186-TP4_R1_001	24.564681902061167	20.0	150.0	150	18.181818181818183	37628233.0
ACR-186-TP4_R2_001	25.545364268394565	20.0	150.0	150	18.181818181818183	37628233.0
ACR-225-TP1_R1_001	17.142202758866617	21.0	150.0	150	18.181818181818183	35345229.0
ACR-225-TP1_R2_001	17.6695578147459	20.0	150.0	150	18.181818181818183	35345229.0
ACR-225-TP2_R1_001	22.527923672177025	20.0	150.0	150	9.090909090909092	34469623.0
ACR-225-TP2_R2_001	22.89759406504112	20.0	150.0	150	9.090909090909092	34469623.0
ACR-225-TP3_R1_001	26.09926995260132	23.0	150.0	150	27.27272727272727	41882899.0
ACR-225-TP3_R2_001	26.849854892986386	23.0	150.0	150	27.27272727272727	41882899.0
ACR-225-TP4_R1_001	25.562463170368517	22.0	150.0	150	18.181818181818183	37789684.0
ACR-225-TP4_R2_001	26.720437521890446	21.0	150.0	150	18.181818181818183	37789684.0
ACR-229-TP1_R1_001	25.38460519638403	20.0	150.0	150	18.181818181818183	51981928.0
ACR-229-TP1_R2_001	26.269683294363276	20.0	150.0	150	18.181818181818183	51981928.0
ACR-229-TP2_R1_001	26.09638505096943	20.0	150.0	150	18.181818181818183	49736709.0
ACR-229-TP2_R2_001	26.916084086366055	20.0	150.0	150	18.181818181818183	49736709.0
ACR-229-TP3_R1_001	24.07283751701334	20.0	150.0	150	18.181818181818183	40205304.0
ACR-229-TP3_R2_001	25.06960366638033	20.0	150.0	150	18.181818181818183	40205304.0
ACR-229-TP4_R1_001	23.87538890888557	21.0	150.0	150	18.181818181818183	36687080.0
ACR-229-TP4_R2_001	24.958588896692405	20.0	150.0	150	18.181818181818183	36687080.0
ACR-237-TP1_R1_001	24.119364649756008	21.0	150.0	150	18.181818181818183	40252453.0
ACR-237-TP1_R2_001	24.763709794766214	20.0	150.0	150	18.181818181818183	40252453.0
ACR-237-TP2_R1_001	25.46948156192657	20.0	150.0	150	18.181818181818183	40266645.0
ACR-237-TP2_R2_001	26.09091965497447	20.0	150.0	150	18.181818181818183	40266645.0
ACR-237-TP3_R1_001	22.221396796389186	20.0	150.0	150	18.181818181818183	41704979.0
ACR-237-TP3_R2_001	23.004895994039188	20.0	150.0	150	18.181818181818183	41704979.0
ACR-237-TP4_R1_001	23.477479278229907	21.0	150.0	150	18.181818181818183	40207005.0
ACR-237-TP4_R2_001	24.34009069290201	20.0	150.0	150	18.181818181818183	40207005.0
ACR-244-TP1_R1_001	21.127556287641553	22.0	150.0	150	27.27272727272727	47842521.0
ACR-244-TP1_R2_001	22.122449502148385	22.0	150.0	150	27.27272727272727	47842521.0
ACR-244-TP2_R1_001	22.479042217963524	20.0	150.0	150	18.181818181818183	41996136.0
ACR-244-TP2_R2_001	23.344226738421412	20.0	150.0	150	18.181818181818183	41996136.0
ACR-244-TP3_R1_001	20.50088353783991	20.0	150.0	150	9.090909090909092	32753419.0
ACR-244-TP3_R2_001	20.935281562388113	20.0	150.0	150	9.090909090909092	32753419.0
ACR-244-TP4_R1_001	23.524049435954396	21.0	150.0	150	18.181818181818183	46319805.0
ACR-244-TP4_R2_001	24.471516619162813	21.0	150.0	150	18.181818181818183	46319805.0
ACR-265-TP1_R1_001	21.15944294260224	20.0	150.0	150	9.090909090909092	44532287.0
ACR-265-TP1_R2_001	21.576153081182824	20.0	150.0	150	9.090909090909092	44532287.0
ACR-265-TP2_R1_001	22.73372511873781	20.0	150.0	150	18.181818181818183	38875560.0
ACR-265-TP2_R2_001	23.717960574772846	20.0	150.0	150	18.181818181818183	38875560.0
ACR-265-TP3_R1_001	23.76640487489776	20.0	150.0	150	18.181818181818183	37482924.0
ACR-265-TP3_R2_001	24.956812101542496	20.0	150.0	150	18.181818181818183	37482924.0
ACR-265-TP4_R1_001	24.339075376287283	23.0	150.0	150	27.27272727272727	38892514.0
ACR-265-TP4_R2_001	25.320007923527513	22.0	150.0	150	27.27272727272727	38892514.0
