gene_id	1A1	1A10	1A12	1A2	1A8	1A9	1B1	1B10	1B2	1B5	1B9	1C10	1C4	1D10	1D3	1D4	1D6	1D8	1D9	1E1	1E3	1E5	1E9	1F11	1F4	1F8	1G5	1H11	1H12	1H6	1H7	1H8	2B2	2B3	2C1	2C2	2D2	2E2	2F1	2G1
FUN_002446	9	35	10	2	16	26	16	9	11	11	6	23	0	8	0	50	51	48	0	11	4	0	6	0	21	9	12	10	20	9	38	8	0	0	5	0	0	0	0	17
FUN_002720	114	158	338	335	396	283	381	227	410	271	342	116	176	525	168	296	367	211	215	225	310	718	156	162	273	438	207	338	538	438	247	180	200	248	137	239	114	182	253	147
FUN_003901	125	117	300	181	378	244	341	306	192	416	277	211	248	375	158	264	313	186	158	273	269	391	244	278	261	241	312	300	146	241	426	195	287	347	155	247	206	153	296	270
FUN_004078	139	367	368	210	295	144	468	300	377	318	276	130	147	230	179	342	175	160	146	243	300	309	240	178	375	245	410	368	215	245	333	283	232	197	129	154	172	122	138	256
FUN_004231	58	166	302	429	126	437	282	221	201	196	492	227	132	167	78	213	295	183	162	190	129	177	290	129	207	315	291	302	164	315	238	85	181	378	139	183	41	31	63	207
FUN_004310	167	209	263	160	345	485	290	302	205	307	120	157	247	291	92	203	310	305	124	197	141	282	264	156	274	274	360	263	275	274	329	296	231	263	157	192	130	103	248	172
FUN_004428	28	48	277	66	259	209	73	218	119	127	87	125	35	241	90	168	243	243	30	161	486	32	130	67	264	160	130	277	131	160	66	137	105	125	92	82	275	49	145	401
FUN_004454	116	192	543	461	727	709	594	366	569	395	281	299	282	784	288	614	485	281	194	425	382	468	400	257	637	452	558	543	697	452	363	264	274	459	384	191	261	104	348	257
FUN_004467	121	120	194	138	178	223	207	229	148	183	221	99	183	213	57	187	112	156	91	126	147	221	151	83	342	185	208	194	176	185	254	233	174	165	59	106	42	138	124	208
FUN_004559	77	198	222	236	196	297	190	213	162	155	157	107	134	208	110	222	287	311	112	170	132	239	138	70	256	262	181	222	197	262	149	87	109	198	73	197	49	47	141	158
FUN_004674	9	107	23	23	20	51	37	32	8	33	42	13	13	96	9	47	59	34	23	80	22	2	20	6	23	165	31	23	54	165	13	33	20	5	12	3	22	12	67	13
FUN_004793	255	296	532	434	312	470	441	294	346	216	288	302	261	446	225	369	334	300	155	327	360	164	254	143	482	564	490	532	455	564	328	426	155	285	151	220	239	90	431	223
FUN_004908	106	166	199	178	227	174	187	146	227	101	194	95	160	211	97	143	186	212	55	181	82	209	177	61	241	202	176	199	226	202	200	147	164	119	149	81	35	74	180	104
FUN_005038	796	2006	1310	804	1035	1247	1101	1650	1206	1447	985	879	1796	1601	824	1210	1501	911	739	1500	1491	1160	1002	1221	1446	1719	1230	1310	1227	1719	1265	2750	843	1035	811	882	619	603	1432	892
FUN_005066	19	955	711	527	1018	933	1200	428	15	1496	591	7	0	1460	682	922	2046	516	526	715	1552	1	395	10	820	735	771	711	490	735	1280	1029	457	0	498	2	415	276	906	546
FUN_005120	16130	25993	31204	26445	34332	41870	28654	31626	45868	20262	40485	27110	18046	48183	18667	36367	30532	24989	23164	25575	33639	24612	29509	17127	30062	47132	26069	31204	32281	47132	17729	25073	30545	21483	16860	16106	26462	17160	39320	18052
FUN_005186	83	332	353	94	306	173	352	203	522	235	473	274	66	204	161	307	237	257	78	231	390	599	291	184	293	304	334	353	194	304	235	116	353	444	142	225	188	106	223	175
FUN_005357	179	262	463	542	665	831	409	403	479	329	426	436	263	511	153	355	457	378	282	274	552	170	326	284	418	394	567	463	505	394	435	447	255	371	281	243	382	231	421	404
FUN_000206	329	219	569	558	470	628	432	603	482	522	512	445	293	747	350	563	611	490	229	325	614	345	364	349	487	554	404	569	363	554	420	291	655	445	261	368	374	269	459	492
FUN_000385	21	58	138	16	6	30	67	104	952	225	174	632	28	25	5	120	220	103	67	56	138	136	187	159	85	202	37	138	50	202	75	36	118	24	39	25	92	33	57	110
FUN_000476	102	74	109	72	121	225	124	118	107	84	112	65	52	115	110	123	127	157	36	114	196	11	71	104	112	149	76	109	86	149	44	120	52	29	36	39	96	24	92	163
FUN_001143	42	237	90	60	74	146	121	118	166	83	48	68	122	196	47	86	172	122	26	142	91	104	74	93	84	187	123	90	143	187	116	113	67	115	51	101	56	26	79	71
FUN_001198	227	140	487	367	531	247	541	386	393	352	419	164	224	210	289	355	303	315	304	301	401	454	226	187	556	303	493	487	313	303	454	329	332	417	204	172	444	199	228	271
FUN_001325	3929	4735	8153	3725	6345	6106	7513	7603	9913	9009	7436	6224	6430	6845	4255	4990	7306	4898	2472	6443	7010	11574	6492	5431	8215	8667	8924	8153	7540	8667	7892	8776	6342	6237	3599	5209	4769	3969	7255	4006
FUN_001337	1216	1036	3633	1629	1960	1611	2551	1532	3022	2396	1686	1268	1121	1922	1750	2937	2257	2025	1623	1733	1611	2976	1477	1463	3123	2889	2018	3633	2579	2889	2506	1747	1667	1316	1216	1239	1234	781	2014	2183
FUN_001410	18	29	26	14	32	38	30	108	54	51	147	102	23	63	15	48	36	36	0	2	19	113	42	35	13	75	26	26	50	75	21	25	48	36	23	59	97	0	23	26
FUN_001429	0	25	8	0	5	0	0	0	9	0	27	29	9	47	0	18	11	6	0	4	5	7	35	0	0	50	2	8	7	50	3	53	26	12	0	17	0	0	0	16
FUN_001773	11	37	11	13	20	39	21	6	33	12	3	10	18	23	6	22	42	22	6	19	8	15	7	8	10	49	11	11	35	49	19	12	6	8	13	3	4	2	1	7
FUN_001804	712	626	664	354	395	251	954	899	706	455	727	268	682	852	657	903	340	375	448	1000	714	371	751	320	638	1195	348	664	1080	1195	390	761	394	576	253	358	544	211	694	314
FUN_001882	1358	3413	3753	1664	3608	3670	3413	3073	5209	1999	3469	2718	2040	7809	1318	2440	6844	4449	1111	2718	5554	3593	2911	2647	3262	4262	1878	3753	2601	4262	2501	2386	3575	3476	1167	2173	2182	1348	2933	3791
FUN_001852	55	58	29	31	68	149	54	13	99	48	43	56	59	79	41	62	98	42	12	33	47	27	24	28	27	122	47	29	106	122	54	39	46	46	6	28	19	24	50	28
FUN_001879	218	426	435	198	377	679	405	248	441	633	212	256	150	481	120	302	472	354	152	572	258	224	328	333	401	324	455	435	324	324	481	225	343	278	209	366	108	132	327	117
FUN_005718	87	85	147	151	108	333	153	243	176	191	210	76	136	320	142	204	234	242	132	144	127	113	261	120	178	194	175	147	170	194	124	149	147	224	121	182	170	23	101	118
FUN_005740	47	27	73	16	73	47	93	88	465	35	15	226	53	57	31	270	156	53	11	11	512	6	20	86	180	333	57	73	261	333	16	156	8	54	20	10	128	23	105	189
FUN_005741	47	27	59	15	61	52	87	73	425	36	13	231	40	44	33	256	135	56	9	9	370	6	19	64	151	326	40	59	244	326	16	102	8	44	22	9	148	24	65	167
FUN_005742	42	28	45	15	45	45	58	53	378	33	11	244	31	36	34	234	127	43	9	10	246	4	19	45	111	286	31	45	207	286	13	76	7	34	17	7	133	24	57	123
FUN_005900	4	22	4	7	3	11	10	13	4	14	5	4	3	20	3	14	10	11	41	21	3	1	16	5	4	11	0	4	25	11	4	1	14	11	1	2	5	12	5	14
FUN_005958	355	1786	2676	1379	2669	2466	1848	4797	364	2140	1529	212	1267	3318	1290	1986	2701	1603	1172	2262	4596	317	3160	434	2704	1879	2418	2676	1630	1879	2067	2995	1476	1403	875	950	2145	788	1663	2021
FUN_005987	3	22	9	13	6	12	2	13	16	19	26	5	7	10	6	9	16	5	16	5	11	2	2	7	6	26	11	9	21	26	13	4	0	1	7	8	12	0	24	16
FUN_006107	194	677	561	459	604	616	762	398	757	763	542	345	760	801	275	666	1332	465	509	773	421	565	346	282	615	666	789	561	381	666	902	496	294	638	344	442	432	235	395	254
FUN_006221	1249	1507	2686	1431	1775	3669	2301	2083	2878	1377	1382	1136	1205	4534	1172	1826	1871	2267	999	2015	2665	1192	1221	1924	2317	3025	1715	2686	1278	3025	1550	1001	2002	1437	796	1297	911	732	1961	1829
FUN_006170	24	10	5	6	5	0	14	20	18	0	0	16	0	24	0	0	7	24	0	7	30	0	2	4	3	20	12	5	12	20	0	4	5	0	4	0	5	0	25	6
FUN_006434	268	254	413	402	459	398	541	324	586	468	496	343	205	513	308	536	816	241	183	337	406	400	418	348	490	622	343	413	351	622	514	399	354	457	306	317	296	164	457	249
FUN_006567	212	612	332	383	264	388	373	462	558	299	393	233	483	392	241	312	250	280	214	397	280	475	267	266	249	745	384	332	552	745	287	367	289	451	230	354	151	128	455	157
FUN_006936	305	604	309	255	322	411	492	257	496	434	411	273	271	383	171	167	489	283	272	619	261	419	226	214	379	683	675	309	504	683	587	319	472	326	245	306	205	127	493	173
FUN_006929	1173	2043	1656	2404	1879	4522	1450	1933	2818	1422	2542	1679	1184	4208	1162	2735	1695	2414	796	1963	1758	1784	1704	949	1834	3886	2069	1656	3512	3886	1335	1490	1982	1180	1197	1015	1415	796	2369	1274
FUN_007021	476	1399	783	850	1230	922	1398	706	1186	1309	758	441	723	2114	738	1230	1123	1242	331	1786	797	858	970	456	865	1564	1194	783	1409	1564	975	834	587	782	954	473	350	188	679	555
FUN_007162	62	83	120	37	71	39	23	107	157	64	73	60	17	86	14	71	81	82	65	57	36	141	140	104	105	104	57	120	36	104	45	31	68	81	38	32	31	22	62	86
FUN_007854	217	477	546	319	400	352	602	527	571	473	377	244	323	477	200	468	491	284	63	416	339	582	497	222	635	456	633	546	358	456	481	308	552	672	311	232	309	117	448	281
FUN_008028	718	1291	1429	947	1877	2052	1495	1429	1654	1349	1963	701	1560	3103	918	1548	2582	1495	847	1552	1900	2166	1138	924	1611	2759	1477	1429	2240	2759	1483	1464	1572	1672	646	1180	918	732	2183	1077
FUN_008065	211	424	441	239	1425	310	541	600	283	494	244	112	207	422	359	438	328	379	294	566	273	59	480	310	394	401	312	441	808	401	379	1110	128	250	260	120	221	243	280	346
FUN_008039	4	25	9	32	21	47	13	7	21	26	34	13	8	30	6	9	35	11	7	27	22	4	17	10	13	45	24	9	43	45	19	8	37	10	14	4	11	0	41	6
FUN_008041	20	33	42	30	59	42	33	38	28	15	24	22	15	40	13	26	22	27	19	31	60	20	36	14	20	37	40	42	38	37	13	17	22	39	13	21	12	9	28	37
FUN_008086	149	375	357	265	372	451	440	347	353	409	222	219	212	379	143	455	450	297	144	343	262	352	371	242	402	400	459	357	468	400	360	221	433	330	261	243	271	221	352	233
FUN_008193	1751	1881	3053	2976	3231	5055	2541	2462	3695	2489	3296	2374	2808	4671	1544	2988	4405	2125	1972	2668	3294	3732	2588	1643	2373	5552	3228	3053	4389	5552	2478	2589	2863	2479	1747	2241	2230	1456	3959	1826
FUN_008372	408	609	948	535	904	1807	355	870	791	654	751	445	756	1189	308	696	1283	667	433	748	1430	180	546	761	826	939	1041	948	767	939	738	1513	623	299	441	398	424	208	893	526
FUN_008441	389	355	585	490	883	691	524	531	681	671	867	568	673	704	513	916	794	624	398	350	542	739	573	486	477	508	489	585	654	508	432	571	565	644	367	495	273	509	1083	627
FUN_008532	2522	3283	3396	771	2932	4656	1072	1321	8252	2187	1346	2129	806	4404	780	1839	3770	2115	761	1454	3459	1849	2337	3612	3455	7327	2571	3396	3566	7327	2049	1259	580	2290	1148	450	2926	631	4109	4311
FUN_008579	41	51	191	183	303	211	165	141	63	216	137	92	154	229	98	242	183	187	97	56	167	220	236	53	187	135	177	191	75	135	173	106	120	189	151	112	195	75	162	121
FUN_008644	71	129	239	191	209	246	180	166	147	212	139	84	102	173	107	188	194	153	62	90	121	139	157	115	230	134	225	239	173	134	161	291	105	110	60	68	55	52	109	85
FUN_008711	272	168	538	441	630	473	672	519	407	832	550	306	528	535	332	624	497	368	344	522	530	798	514	316	743	422	523	538	428	422	591	487	483	507	396	321	441	400	528	396
FUN_008749	256	156	396	556	470	542	207	505	750	510	1322	845	353	476	422	730	433	429	540	125	554	525	600	406	316	469	222	396	314	469	231	534	598	237	305	181	893	646	1214	318
FUN_008781	5632	9659	16935	8491	15214	22770	10746	15528	25602	8478	13305	11515	7373	35882	5610	12723	57171	33801	5309	10129	22980	11330	6808	14092	15653	27070	7997	16935	14212	27070	13670	9206	9730	9188	4733	6603	8887	2162	9730	16721
FUN_008891	57	49	86	76	86	65	90	150	49	90	61	77	47	77	36	90	54	80	60	65	77	49	87	59	86	120	105	86	66	120	86	56	45	191	74	57	22	30	69	63
FUN_008924	16890	24610	35376	25466	30655	35381	27577	33531	44167	21519	37677	27901	20751	45458	19003	37648	32726	25417	26530	23617	33400	32782	28185	14117	31434	43199	24429	35376	28945	43199	18690	25093	26840	28470	17300	17856	27430	18788	37326	19337
FUN_008951	253	789	776	614	710	997	1605	890	969	517	582	338	638	1417	534	677	1366	1008	385	810	412	686	449	302	962	1287	941	776	1541	1287	948	855	480	729	407	452	493	122	916	507
FUN_008958	7381	14884	35282	16023	18720	29636	21593	33052	11256	15021	28841	11425	25103	41507	13754	27948	68205	47097	21991	16523	25767	34173	21382	4776	32538	40044	13181	35282	20370	40044	23714	13419	16606	32166	9302	25094	24954	11392	24979	28271
FUN_008976	91	195	269	106	472	156	374	437	521	214	282	197	208	332	174	248	411	287	97	226	250	457	355	164	318	227	140	269	326	227	199	196	244	241	74	187	192	87	263	206
FUN_009302	51	41	75	36	67	54	36	136	58	78	74	25	60	69	36	30	55	113	28	63	39	65	93	39	43	52	48	75	119	52	24	36	99	62	26	25	32	0	60	59
FUN_009344	2	38	37	4	13	13	21	24	129	84	0	555	0	0	6	604	198	43	0	0	281	0	0	22	99	59	23	37	74	59	18	19	0	7	7	0	165	0	0	225
FUN_009771	1080	1344	2912	1492	1433	1284	2176	1797	3282	2109	3070	2687	1809	1868	1006	2088	1377	1259	612	1604	1277	3354	1809	1457	2781	3972	2326	2912	2716	3972	2106	2011	2175	1799	1276	1240	1535	996	2372	1135
FUN_009841	38	26	97	129	83	120	155	62	72	79	55	42	63	115	37	99	134	162	0	92	49	95	90	56	85	133	127	97	54	133	68	68	94	120	52	26	104	0	102	86
FUN_009959	2881	2572	9374	3370	7398	6274	6936	6377	7007	7424	5170	3767	6023	6105	3804	6293	5525	4531	4501	5789	6695	6906	5664	3823	8186	5351	8765	9374	5728	5351	6823	6771	5112	6725	4210	5610	3696	2898	5688	3546
FUN_010022	0	12	2	0	9	20	0	0	6	0	0	0	2	0	6	0	4	0	0	0	0	6	3	6	9	47	0	2	3	47	5	14	0	3	12	7	10	0	0	0
FUN_010637	1127	1262	2419	1883	2599	4360	1722	2389	1943	1433	2908	1697	1133	4743	1165	2679	3736	3497	967	1658	2700	1823	1527	1229	2191	3634	1348	2419	2342	3634	1490	1219	2651	1741	871	1703	1817	771	2208	1955
FUN_010659	27526	48124	60016	48690	43176	65500	48655	64877	89994	38233	84063	48568	26357	125511	30643	84339	82144	80248	30605	49341	64125	47307	53213	29041	58402	107988	39454	60016	71842	107988	37069	39563	65683	19792	23528	22029	56451	30101	62506	39284
FUN_010667	2811	1977	5549	4083	6169	10996	4438	5910	3625	5296	5331	3146	4308	6467	3273	5451	6748	6220	2683	3124	5060	4153	3358	2467	5136	4606	4262	5549	4996	4606	4322	4984	4178	5052	2574	4543	3020	2048	4793	5227
FUN_010687	0	17	9	4	7	6	0	10	4	25	9	0	10	2	10	0	8	17	0	5	16	9	10	3	16	21	11	9	11	21	0	0	2	0	0	13	0	0	14	2
FUN_010812	170	526	538	333	517	645	613	579	688	670	456	128	329	770	190	505	566	518	201	809	578	636	610	323	589	884	523	538	399	884	570	207	603	617	355	388	205	58	597	387
FUN_010906	144	185	727	368	1334	1244	410	157	1260	2064	774	908	305	222	91	1646	1434	596	484	169	518	557	175	226	446	567	1430	727	1742	567	409	1377	188	1237	625	320	585	255	459	542
FUN_010908	2675	3744	5423	959	2941	2400	6852	3477	25448	8842	8814	16513	1058	4021	1559	5565	6931	2751	1621	3215	5455	1590	3096	4898	4700	10249	2601	5423	5155	10249	4254	2458	2412	3045	1520	931	4460	1160	5997	4464
FUN_010909	3943	4646	6737	2809	5494	4626	5835	2978	17032	7077	7442	7987	1401	4958	2265	5412	8759	3284	1743	3795	5754	2048	3957	4200	4987	9511	5171	6737	6321	9511	4614	2933	1839	5341	2695	1438	6040	3094	6394	5628
FUN_010911	3624	6277	11569	1767	5966	5368	5511	3155	20868	4867	3207	4833	1789	9228	1178	4729	13185	3138	1670	5672	8464	3180	3103	4246	7116	16843	5255	11569	17415	16843	5571	3819	1458	4261	1986	1405	6532	2499	5622	7219
FUN_010913	152	248	266	76	524	207	222	105	862	256	317	391	205	333	82	161	389	113	49	258	300	256	146	239	220	508	298	266	639	508	151	280	241	371	117	110	199	143	587	262
FUN_010914	478	641	1206	313	937	935	707	359	3013	664	797	1257	371	927	181	573	1212	407	191	677	947	656	438	673	775	1928	980	1206	1550	1928	573	565	474	876	439	255	591	311	1059	687
FUN_010916	1311	2173	3131	866	2755	2823	3489	2104	8354	2115	3013	3667	1546	2519	983	1870	3570	1947	560	1779	2546	4928	3174	2279	2659	3942	2900	3131	3014	3942	1856	1441	2550	3192	1700	1459	2399	1016	4421	2829
FUN_010939	0	68	36	0	9	3	13	0	0	33	4	0	0	17	0	28	108	24	0	0	113	0	0	1	49	67	0	36	7	67	8	8	0	0	0	0	112	0	0	69
FUN_011618	10	26	4	15	29	18	10	13	15	12	13	4	6	28	16	19	17	11	18	19	17	12	8	5	9	33	8	4	22	33	7	30	8	16	10	17	5	4	35	8
FUN_011697	225	234	281	273	204	387	254	211	332	218	269	187	172	346	223	291	380	244	191	162	219	210	291	192	317	365	268	281	281	365	358	279	227	203	147	225	262	71	350	168
FUN_011704	181	149	390	356	453	178	463	152	433	371	199	231	196	393	236	368	333	287	265	277	251	545	179	207	361	471	415	390	416	471	409	228	261	289	202	242	193	195	278	293
FUN_011731	329	439	625	413	485	631	515	569	640	700	388	411	463	667	154	603	687	553	254	620	505	531	453	323	608	473	720	625	370	473	610	396	409	617	397	339	305	168	418	376
FUN_011804	112	190	139	127	118	132	98	116	98	61	227	95	133	172	62	103	104	41	141	95	161	142	87	110	287	243	235	139	142	243	202	104	83	78	75	37	132	39	252	77
FUN_011862	21	50	144	59	65	101	101	93	138	74	101	35	11	115	32	45	154	137	50	96	55	51	72	29	162	199	126	144	216	199	141	18	86	53	58	39	9	0	93	39
FUN_011863	3399	3636	8250	5944	10396	9727	5601	6851	8168	6392	8610	6503	5377	10174	3786	6330	9226	7095	4354	4619	6987	6993	5110	4130	6948	9771	5511	8250	10116	9771	5629	7434	6094	6239	3770	5515	4529	2690	9035	5011
FUN_012051	2	23	39	0	23	12	35	56	57	56	101	103	4	11	42	56	32	24	13	17	50	6	38	39	19	39	7	39	16	39	15	17	19	10	10	0	19	0	0	7
FUN_012315	341	374	1026	690	1284	1308	568	625	1087	411	631	505	280	1293	292	765	755	1093	231	565	952	511	341	738	833	1303	694	1026	1031	1303	529	450	759	451	327	427	457	326	826	786
FUN_012521	6581	11120	17169	12413	19257	18309	14907	20016	20303	12843	16717	11474	12701	20052	9410	16362	16266	13576	8701	10941	16897	18233	16086	7452	15828	20223	12503	17169	17563	20223	10278	14598	14395	14124	8029	11420	13039	6909	16532	11887
FUN_012548	235	1241	626	793	739	862	835	811	965	459	547	426	475	1022	302	574	885	518	478	900	594	631	641	326	516	1289	702	626	1002	1289	749	474	708	510	404	480	424	185	825	416
FUN_012560	561	927	1370	1027	1900	1726	1361	951	1666	1163	1207	801	977	1625	699	1209	1793	935	674	1172	1283	1619	1037	788	1279	2232	1643	1370	1999	2232	1399	1388	912	1246	731	918	1006	523	1364	801
FUN_012587	6	20	9	22	12	7	35	23	104	13	83	62	8	36	16	18	13	0	11	17	60	9	18	23	18	87	29	9	75	87	7	22	0	16	22	21	0	0	13	22
FUN_012675	6726	17170	18384	16190	24788	46474	19032	21731	29712	12040	22392	14613	15174	37758	10735	22028	38026	31788	7250	14349	20831	24295	12718	12271	20360	43233	15012	18384	41713	43233	15081	19490	16226	17040	6956	15855	12032	4288	22705	16387
FUN_012737	142	209	284	250	524	521	271	1101	335	87	852	221	103	561	269	441	68	333	117	455	335	86	512	281	494	423	245	284	394	423	68	355	333	124	112	65	113	0	319	423
FUN_013057	40	120	154	84	138	153	170	290	74	86	111	44	41	123	55	124	195	82	84	121	136	92	95	67	199	167	134	154	29	167	168	130	91	125	80	94	116	82	105	136
FUN_013358	122	104	228	161	247	192	247	166	208	337	254	71	173	525	181	244	285	319	70	98	171	190	256	111	259	224	216	228	123	224	261	172	221	182	164	214	98	111	187	115
FUN_013359	255	159	450	270	349	413	294	258	310	420	567	251	239	628	418	544	495	285	235	347	584	187	398	244	383	533	460	450	163	533	331	271	433	352	265	231	386	32	566	293
FUN_013407	1	4	2	4	2	1	0	2	18	2	29	8	13	23	4	40	9	8	24	8	5	3	2	0	1	31	5	2	11	31	10	1	1	1	2	3	3	0	0	2
FUN_013598	3	9	27	0	4	20	50	20	18	15	37	14	0	21	12	18	7	23	0	11	7	6	16	3	10	53	0	27	16	53	4	32	29	7	17	18	22	0	24	11
FUN_014455	212	309	381	361	385	424	325	331	420	358	531	218	364	594	178	328	362	391	160	372	329	601	359	282	369	685	443	381	305	685	281	276	655	378	258	357	269	250	651	271
FUN_014474	521	1325	1667	604	953	1153	851	1561	1350	1850	1127	912	985	1600	490	774	1335	1231	331	1326	1183	1224	1049	1471	1312	1928	1260	1667	1454	1928	980	1591	1635	1194	607	1187	761	408	845	798
FUN_014480	10152	18433	24343	19770	25676	31099	20655	29906	35063	15279	29279	20539	13928	27470	14040	34653	31420	35439	20747	17406	17778	19871	22086	11371	25334	39602	14983	24343	44446	39602	16117	21344	18444	13303	8607	12198	26282	10354	23106	15304
FUN_014495	579	1078	1104	753	1170	839	999	902	899	687	784	520	489	1145	375	734	1083	505	588	1015	971	713	619	593	854	929	1057	1104	501	929	737	417	808	828	469	475	353	214	1147	677
FUN_014551	95	100	352	228	309	157	221	215	273	220	323	191	168	395	129	283	184	112	111	190	225	187	298	132	368	340	253	352	371	340	241	135	249	265	217	213	50	124	236	114
FUN_014558	201	310	430	261	380	447	356	301	459	345	267	211	313	581	201	316	511	304	164	289	408	577	282	251	406	646	447	430	202	646	357	254	347	380	179	291	229	367	499	354
FUN_014587	147	221	477	279	202	620	496	340	566	438	398	293	168	690	204	365	511	425	236	449	377	579	324	292	546	704	518	477	311	704	366	182	371	318	210	406	220	40	202	284
FUN_014602	77	78	140	121	237	280	166	198	229	76	189	73	92	240	94	142	417	239	144	172	86	133	86	87	176	199	131	140	433	199	200	130	108	183	71	131	69	50	178	72
FUN_014612	158	379	725	551	767	668	648	665	488	613	363	204	415	575	261	587	815	461	286	547	367	632	427	214	703	556	777	725	389	556	620	316	568	810	533	485	186	211	688	449
FUN_014632	247	482	528	370	708	672	470	848	550	411	499	271	534	591	167	391	555	376	331	376	511	310	395	307	740	424	506	528	502	424	482	532	474	427	204	385	327	88	451	341
FUN_014650	186	326	303	156	408	361	344	322	253	393	212	222	226	427	113	222	437	242	93	389	292	256	234	147	245	339	522	303	163	339	379	147	319	436	204	195	83	50	301	148
FUN_014698	56	167	181	47	142	143	278	225	80	146	165	60	20	427	122	212	207	194	179	218	225	23	97	24	168	230	108	181	125	230	178	97	99	43	49	22	119	52	135	90
FUN_014780	1856	1382	2319	921	1336	2444	1486	1565	3291	3414	896	2616	481	487	1735	7974	2264	2203	1019	416	1913	744	1244	1924	2746	4515	1982	2319	4226	4515	658	1432	2693	2033	1626	801	8930	1167	5510	3576
FUN_014781	1356	1053	1946	652	1173	2012	1257	1063	2563	2720	552	2028	342	383	1152	6087	1822	1838	707	263	1663	469	898	1605	2189	3469	1581	1946	3797	3469	457	1384	1674	1562	1038	583	7340	1026	3294	3078
FUN_014757	385	585	957	647	1081	1190	763	744	870	838	835	559	623	1282	391	723	1261	889	359	728	762	900	662	475	919	1090	689	957	1001	1090	839	545	667	1023	471	644	517	251	716	615
FUN_014849	34	48	59	54	96	59	96	44	127	63	55	38	30	69	28	68	117	50	52	48	57	69	68	26	90	57	80	59	45	57	101	18	34	59	54	35	10	33	51	38
FUN_014879	483	737	1007	608	706	826	1003	1010	960	548	476	375	620	1078	386	533	822	756	221	582	723	1278	616	458	1084	935	751	1007	658	935	698	962	482	787	364	596	371	232	753	547
FUN_014963	121	174	270	254	332	536	241	231	250	161	280	193	130	340	117	347	486	252	168	211	187	259	321	115	300	334	190	270	332	334	235	140	288	234	148	97	252	31	303	174
FUN_015064	331	617	864	561	568	933	604	697	742	539	899	406	683	1148	240	591	884	779	273	816	720	1046	624	418	966	1089	839	864	760	1089	595	564	713	778	351	503	231	337	650	461
FUN_015291	235	285	532	165	486	358	458	460	480	390	298	259	277	376	170	241	437	233	225	292	500	579	349	225	493	545	439	532	179	545	345	291	352	486	190	284	193	210	399	218
FUN_015346	521	844	356	546	499	507	559	966	613	731	686	625	1228	698	592	526	547	425	312	569	636	1019	642	448	503	1031	473	356	831	1031	496	1220	471	535	256	626	753	250	707	424
FUN_015978	2922	4790	5394	2904	4142	8138	6072	4192	9657	5468	4274	4525	3856	6642	2259	3681	9671	4505	1487	4613	5194	7021	3805	5513	4755	9252	7341	5394	5186	9252	6583	4334	4693	4651	2538	3109	2832	1758	3739	3829
FUN_016039	17	1	0	16	20	3	0	0	4	5	6	11	0	25	0	0	11	0	2	3	0	0	13	0	5	7	0	0	59	7	14	15	2	0	4	0	0	27	10	7
FUN_016127	854	687	1417	1402	2857	1734	1774	1602	2619	1465	2169	1850	1437	2175	979	1750	1795	1308	1013	663	1462	2370	1252	1286	1383	2017	1032	1417	2064	2017	1108	1716	1652	1901	834	1189	1283	811	1654	1242
FUN_016165	415	538	964	1044	904	1073	1048	614	1008	514	697	632	500	860	500	780	829	568	425	573	649	1247	515	467	935	1228	982	964	1099	1228	864	757	547	524	548	626	444	294	717	483
FUN_016339	5027	3499	15034	8168	14547	18826	11176	11562	12064	9859	8385	8615	7156	14583	6121	10326	24483	14531	5713	6431	12081	6812	6906	9633	12599	13425	8963	15034	11701	13425	9539	8736	7534	9693	4168	7114	7665	3119	8471	12116
FUN_016358	349	642	326	759	455	763	737	621	739	514	520	384	463	895	360	646	753	342	396	588	439	759	454	518	470	1047	610	326	781	1047	612	605	626	442	383	485	325	223	655	203
FUN_016391	30	43	106	34	135	52	96	98	109	101	25	24	20	58	118	145	112	105	67	81	73	49	103	50	215	73	60	106	82	73	106	26	91	42	42	34	34	30	144	91
FUN_016393	6586	12583	12181	11950	13735	12680	11532	18291	21328	9069	16098	10684	9400	13757	8060	17085	14606	11388	11667	10397	10124	13958	14617	6086	14277	24798	10837	12181	25130	24798	10171	12506	9771	9420	6317	7039	16020	8095	17655	7413
FUN_016420	301	314	680	531	791	1089	396	535	555	317	580	370	380	1153	269	663	1083	1220	316	383	525	398	425	322	740	685	412	680	658	685	388	699	393	413	219	263	522	364	481	586
FUN_016661	42	44	133	45	123	160	226	47	132	56	69	70	77	131	86	59	56	32	25	64	156	185	60	83	52	146	168	133	70	146	88	18	77	149	48	123	16	8	78	38
FUN_016700	207	221	368	184	548	422	212	372	239	619	505	131	249	660	275	592	397	282	156	247	661	220	389	234	381	323	266	368	237	323	311	401	519	195	153	291	372	118	547	364
FUN_016973	54	141	55	142	73	109	133	155	103	100	116	49	238	210	119	179	146	103	43	225	127	84	104	38	55	291	114	55	174	291	110	150	87	96	73	127	76	0	163	104
FUN_016975	264	1102	327	327	391	384	1029	465	1319	335	758	251	310	1601	486	460	341	322	60	1089	1274	248	307	531	222	2464	392	327	1121	2464	289	582	517	209	209	202	121	57	718	347
FUN_017711	663	578	1237	811	1261	1286	1053	868	886	771	1160	666	647	1482	698	1166	1028	1027	677	899	1301	887	583	668	1136	1490	886	1237	1381	1490	774	879	894	846	362	742	774	423	805	878
FUN_017816	148	53	179	90	152	141	105	176	84	256	79	57	129	192	98	112	177	120	47	171	126	247	153	45	136	180	277	179	85	180	155	98	184	107	96	104	149	49	69	175
FUN_017821	80	183	110	155	141	158	115	162	168	105	90	44	77	174	72	61	152	68	44	109	163	81	59	69	112	127	195	110	101	127	96	89	93	101	87	94	47	42	93	89
FUN_017833	549	440	986	867	1165	702	1559	905	1429	1008	637	460	629	934	744	1184	875	571	648	829	906	1567	759	695	937	1056	1394	986	911	1056	1372	726	589	901	728	821	445	610	577	551
FUN_017852	1975	2046	3751	2970	4651	2750	2893	2962	4106	3034	3828	2722	3186	5997	2072	3413	2874	2596	2657	3338	3976	4625	3358	1906	3798	6211	2884	3751	4938	6211	3155	4168	3223	3224	1775	2534	2510	1592	4931	1996
FUN_017921	180	268	418	288	273	508	389	371	401	488	388	253	152	509	178	518	450	231	209	309	310	277	328	293	433	505	556	418	534	505	416	265	398	127	266	160	138	213	420	231
FUN_018019	379	757	746	389	758	853	836	759	1414	836	783	593	395	1227	376	611	818	380	394	792	1436	1818	576	546	720	1753	845	746	967	1753	815	662	842	585	418	442	401	320	662	420
FUN_018390	26	44	28	54	15	54	38	39	108	38	14	18	8	60	48	45	57	41	4	33	19	20	40	36	25	59	69	28	35	59	48	44	12	13	44	15	26	1	6	31
FUN_018477	276	528	320	180	277	415	147	368	728	299	562	306	236	813	54	344	358	224	144	666	574	480	295	306	413	837	384	320	462	837	337	176	656	343	284	255	139	69	640	161
FUN_018498	208	401	211	209	274	172	251	224	617	147	355	270	72	543	109	234	198	231	93	397	276	211	193	179	263	899	264	211	721	899	199	183	470	110	188	129	0	117	565	83
FUN_019311	115	79	121	81	172	189	104	195	404	767	88	229	76	143	109	416	575	92	81	73	348	36	80	137	209	230	149	121	159	230	538	225	87	116	126	66	189	91	311	251
FUN_019825	20	67	48	14	45	54	51	91	48	0	47	21	33	112	4	53	0	63	0	130	96	30	18	20	39	49	84	48	32	49	0	69	84	104	14	50	14	0	82	29
FUN_020851	1279	1152	2615	2117	2052	2987	2131	2451	2082	1560	2117	1806	2451	2606	1877	2809	2877	2011	669	1638	2989	1469	1546	1634	2342	2173	1724	2615	1918	2173	1557	3353	1296	1671	864	2002	1320	824	2641	1746
FUN_021466	114	87	148	81	90	121	225	81	163	151	95	146	40	100	58	108	74	92	32	93	115	74	116	96	99	100	141	148	74	100	94	72	91	77	88	21	116	84	105	86
FUN_022039	414	520	957	626	750	837	924	794	929	671	634	488	670	1325	594	808	1023	676	506	727	596	734	406	385	826	1313	674	957	1167	1313	1020	705	418	634	464	439	397	223	679	558
FUN_022260	2656	3488	4645	2614	4367	4990	5386	4822	5131	4793	4001	3099	4933	5251	2749	3895	5368	2600	2163	4303	5419	5280	3736	3555	4482	6607	5680	4645	5384	6607	4383	5467	3673	4689	2460	4280	3036	2419	3497	3200
FUN_022426	1724	918	1794	2591	4475	2756	1319	1889	1804	2331	2758	2849	1585	1830	1727	2851	3614	2403	1759	1043	1672	1767	3228	1185	1682	1131	1508	1794	3170	1131	1618	3113	2430	1342	1502	1248	2642	1911	3258	1425
FUN_022569	67	31	111	146	144	130	176	41	129	80	65	50	25	74	61	60	79	63	62	76	73	155	39	56	116	81	160	111	134	81	175	74	73	80	67	52	48	99	48	46
FUN_022570	2153	3154	5263	4755	6427	4518	4313	6253	4210	3246	5475	2598	3396	7350	2830	6189	5173	2621	3921	4527	5018	3973	3945	2218	5424	6885	4733	5263	4652	6885	4680	3347	3748	3772	2021	3378	2753	972	4241	2602
FUN_022623	233	927	614	456	588	556	670	556	964	444	781	449	433	1157	290	591	920	511	298	859	587	782	650	345	595	2007	540	614	1196	2007	573	490	707	524	254	440	475	116	801	342
FUN_022779	122	274	562	372	447	875	465	424	579	222	384	251	304	974	180	430	788	741	269	373	392	397	403	181	630	740	446	562	850	740	429	357	272	345	230	221	277	63	488	327
FUN_022975	786	679	1316	1356	1922	2441	1462	1759	1218	1669	1509	1051	1087	1989	1153	1804	1835	1355	508	1273	1617	1208	1449	831	1462	1384	1390	1316	959	1384	1186	1300	1539	1212	710	1219	717	352	1384	996
FUN_023040	1373	2152	3107	1351	1771	1807	2219	1804	4135	1943	2189	2118	1518	2666	1348	2120	795	1459	747	2118	1243	2670	1695	2106	2641	2738	2284	3107	2491	2738	1064	1862	2468	2317	1148	1768	1217	861	2911	1542
FUN_023217	641	944	1077	931	1980	1478	1247	1021	1438	902	1129	797	817	2347	691	1021	1435	645	557	1486	2348	1414	1326	892	821	2416	1199	1077	1131	2416	1257	761	1340	1537	609	864	1177	1112	1063	947
FUN_023336	570	576	723	566	1879	1020	1125	746	887	1017	810	658	713	1191	430	664	1464	667	502	813	1172	1042	622	470	699	1002	751	723	994	1002	1060	972	987	1000	335	805	573	873	568	441
FUN_023397	148	341	573	85	191	119	298	173	482	114	272	151	121	395	170	379	305	262	158	417	319	498	231	200	479	788	147	573	267	788	377	59	202	207	39	107	149	53	476	325
FUN_023417	940	1195	1922	2078	2465	1845	1754	1811	1761	1713	2320	1366	1076	2674	1233	2314	1947	1152	1235	2039	2336	1837	1581	934	1865	2201	1871	1922	1742	2201	1593	1945	1455	1393	1039	1049	1225	753	2244	1146
FUN_023936	198	286	643	475	678	1208	446	645	454	314	540	370	300	1041	211	677	736	963	275	264	509	487	411	231	629	544	411	643	701	544	430	351	419	368	196	359	415	130	288	425
FUN_023968	399	682	595	538	717	603	722	621	1209	820	839	488	407	847	414	791	795	538	712	700	757	1133	772	476	645	1584	529	595	809	1584	828	278	765	524	382	452	352	203	851	453
FUN_024087	2553	627	1425	2600	668	2183	481	990	2652	1545	2258	2006	2411	3105	1329	3286	1713	1700	1191	1254	1856	897	841	1244	1479	2896	1444	1425	1211	2896	1015	1515	818	1631	860	1345	2540	520	3743	1172
FUN_024198	83	62	176	124	103	259	118	137	103	87	83	42	99	118	103	128	363	236	107	16	28	38	174	44	230	83	69	176	102	83	148	32	70	120	39	49	172	28	56	74
FUN_024377	375	462	876	585	1125	1241	478	629	702	628	668	454	405	1006	323	559	784	975	309	413	656	591	431	494	836	813	550	876	666	813	452	527	516	576	301	345	366	251	448	820
FUN_024414	404	561	766	573	1119	842	754	765	997	657	453	503	514	1021	345	720	1138	512	253	619	921	591	659	415	957	1017	785	766	1106	1017	834	832	535	461	496	465	446	198	609	540
FUN_024484	1754	1203	3496	3744	6571	4227	4872	3167	3288	3293	3786	2784	2480	3747	2863	3861	4075	3265	2947	2181	2645	3225	2869	1781	3157	3645	2716	3496	6321	3645	3566	4296	3144	3452	1751	2877	2176	2234	3299	2460
FUN_024565	12082	9179	15930	16821	21844	20814	12118	23205	16525	19754	19974	14576	13200	24013	9428	23075	16520	18656	10624	15666	17111	8253	21000	12205	15883	13788	15912	15930	12558	13788	10847	15807	17767	14493	10242	13870	13485	7116	16643	12319
FUN_024702	77	49	114	66	23	18	130	52	131	66	118	68	78	122	83	148	105	49	56	239	52	30	123	19	120	172	44	114	233	172	72	132	21	51	37	27	47	33	54	34
FUN_024752	172	333	221	169	190	429	378	307	580	355	242	227	222	571	192	376	637	402	137	332	240	228	243	180	267	557	295	221	506	557	380	198	234	306	161	217	153	46	211	236
FUN_025297	601	487	533	416	730	859	589	789	1279	924	545	723	314	764	328	476	1423	413	329	822	1580	140	222	1244	457	834	949	533	447	834	823	522	365	262	296	232	314	178	364	800
FUN_025317	32	42	105	40	48	66	95	35	30	110	19	31	90	96	21	93	65	65	0	71	51	56	49	58	87	162	87	105	33	162	66	59	99	137	49	103	64	0	63	51
FUN_025540	258	1816	2103	604	1456	1349	1579	1518	766	839	1675	448	2211	1888	821	1351	1130	1190	420	1787	3142	867	877	640	1820	2039	1773	2103	898	2039	1070	2011	993	1986	578	2001	1166	444	1641	1672
FUN_025596	309	709	1095	471	1042	1010	1091	1173	477	1108	698	124	978	882	557	638	1174	753	587	958	1080	1184	708	320	1128	786	1278	1095	628	786	1160	927	705	928	440	809	713	434	656	751
FUN_025733	290	328	488	364	482	441	553	377	574	551	348	373	441	763	246	478	739	530	317	312	329	598	434	341	503	509	297	488	376	509	354	302	467	562	278	369	409	126	305	269
FUN_025793	54	98	156	135	119	176	242	183	182	58	136	68	19	119	22	132	78	141	15	137	33	53	121	38	188	171	147	156	86	171	119	81	169	61	99	37	94	21	162	75
FUN_026350	21	23	47	0	198	5	22	30	247	105	268	423	0	48	20	56	194	86	41	6	28	63	7	118	92	98	10	47	120	98	47	50	90	56	3	15	57	0	23	26
FUN_026471	120	115	799	403	607	303	562	721	317	550	541	108	102	584	205	513	385	368	166	451	572	185	455	169	830	714	600	799	401	714	495	145	522	276	265	238	44	52	370	316
FUN_026412	385	405	558	209	748	690	660	389	992	796	487	506	343	846	320	702	1052	572	222	468	796	824	453	456	602	772	492	558	444	772	569	333	493	627	260	337	289	309	569	521
FUN_026413	2878	5127	6364	3981	7015	7428	7988	5054	10471	5630	6735	5552	3596	6741	3219	4875	8627	4473	2121	7138	6951	6549	5254	4443	6083	8856	7700	6364	7092	8856	5624	5541	5713	7936	3787	6550	3930	3284	5692	4203
FUN_026489	696	2578	1437	1642	758	1957	1333	1390	811	1244	2185	678	701	3937	845	1990	2056	1316	1356	2280	2926	1318	1286	439	1371	3902	1235	1437	835	3902	1335	571	2062	1085	831	718	1148	360	2699	1190
FUN_026547	14	23	61	63	54	66	128	20	167	119	45	47	8	72	7	175	155	65	7	51	138	19	13	47	157	110	143	61	115	110	84	13	39	71	58	20	58	10	11	95
FUN_026515	0	4	4	22	56	17	0	0	11	22	12	0	0	0	0	0	19	0	27	0	3	0	0	18	8	4	26	4	48	4	10	35	0	0	6	0	0	0	0	0
FUN_026650	15	12	10	12	15	9	19	25	57	9	21	12	2	26	6	7	9	16	20	14	6	22	12	11	47	35	18	10	20	35	41	20	17	39	9	10	16	6	15	16
FUN_026978	432	567	676	698	867	1456	638	407	1031	457	467	365	333	1084	391	552	958	443	499	701	601	787	447	556	548	990	845	676	678	990	615	265	296	824	404	496	270	86	690	347
FUN_026982	781	492	1604	550	2078	1252	1095	1334	1184	1475	785	972	1357	1111	459	1033	1015	1130	711	847	1177	1695	1122	653	1138	1183	1615	1604	1160	1183	1172	1170	920	1380	928	736	804	753	1010	626
FUN_027536	271	1105	787	286	156	350	68	391	513	574	530	153	51	1145	92	273	1251	363	264	944	1506	76	292	396	666	907	499	787	63	907	913	171	403	53	222	55	189	54	691	547
FUN_027901	75	115	94	32	128	59	38	43	132	66	52	63	40	46	14	92	39	53	15	87	176	21	41	91	106	114	56	94	49	114	110	43	99	76	84	27	75	37	67	64
FUN_027929	72	73	90	52	54	156	93	119	129	71	89	43	43	72	43	35	171	81	15	48	59	25	104	83	107	99	138	90	45	99	60	24	47	44	29	15	75	66	56	108
FUN_028021	94	52	271	179	339	223	360	225	326	280	186	200	131	360	117	448	300	229	146	219	282	329	240	192	381	236	333	271	420	236	267	261	200	205	128	149	128	175	260	227
FUN_028074	11	7	18	19	11	17	10	11	22	11	26	8	23	52	3	28	9	6	12	31	22	26	9	10	18	29	30	18	23	29	10	18	12	21	13	16	7	0	37	7
FUN_028163	43	35	94	38	130	39	89	63	70	91	85	68	66	102	31	59	88	63	56	88	64	143	42	36	74	104	104	94	114	104	74	116	114	106	48	110	55	0	72	28
FUN_028405	0	0	0	0	16	0	16	0	0	8	0	0	0	18	3	0	0	0	0	16	4	3	0	0	0	41	6	0	6	41	10	2	0	0	0	0	0	0	0	0
FUN_028640	4	0	0	0	0	0	11	0	0	0	0	0	0	38	0	0	0	0	0	7	4	0	0	12	0	18	0	0	5	18	0	0	0	0	0	0	0	0	0	0
FUN_028842	365	336	642	588	831	1127	468	622	723	737	769	529	359	813	211	516	617	469	311	506	793	495	454	484	476	513	741	642	458	513	641	410	724	570	362	444	275	288	802	297
FUN_028911	136	164	275	241	195	361	389	391	307	405	290	128	155	379	135	367	372	167	191	335	310	251	202	331	437	452	280	275	213	452	481	289	240	390	195	185	166	80	282	214
FUN_028923	158	251	264	163	199	185	374	76	265	194	98	99	121	196	163	278	154	264	114	241	362	42	58	206	364	236	319	264	269	236	196	238	140	137	187	79	83	172	177	196
FUN_029122	355	786	994	762	819	1274	1380	968	957	1012	642	457	654	989	542	999	996	713	341	950	644	842	877	590	1257	831	1411	994	727	831	1123	832	628	765	615	572	582	487	853	510
FUN_029106	77	207	128	93	120	185	184	124	235	201	163	135	246	281	66	106	180	129	97	246	94	321	248	79	119	371	168	128	216	371	212	169	184	193	107	151	149	39	407	69
FUN_029107	1956	1455	4078	3558	3318	3941	2370	3771	2533	2764	3880	2495	2716	3963	2138	3667	3010	3802	2423	2336	2778	3171	3199	1767	3513	3865	2563	4078	3601	3865	2662	3109	2644	1909	1939	2036	2713	1598	4060	3485
FUN_029150	918	1078	1581	981	1345	1535	1492	1681	2150	2050	2062	1488	1399	1264	662	1612	1285	1016	558	1899	1571	1413	1497	1325	1684	2384	2285	1581	1086	2384	1384	1158	1520	1392	1066	1003	870	489	1682	1118
FUN_029191	64	29	98	83	140	136	102	107	110	98	9	47	51	89	40	132	101	66	29	107	87	116	128	61	95	63	55	98	98	63	117	174	65	81	43	51	43	62	71	37
FUN_029193	253	596	606	453	742	465	732	626	686	426	268	154	213	800	260	403	623	594	355	626	415	326	562	394	696	785	530	606	504	785	452	280	382	285	302	127	180	96	400	381
FUN_029411	1	8	12	7	3	2	12	15	11	2	10	4	3	13	7	22	6	8	1	11	4	5	3	8	5	6	2	12	13	6	4	2	8	6	2	2	0	2	17	9
FUN_029486	180	342	302	185	253	335	763	277	672	433	438	141	246	915	199	445	405	381	123	547	342	680	276	161	306	812	280	302	543	812	486	296	507	336	167	208	185	103	455	246
FUN_029625	0	175	127	137	227	195	252	180	0	187	142	0	84	256	80	202	412	156	155	87	139	333	111	0	149	154	228	127	222	154	347	173	126	81	28	121	168	120	93	178
FUN_029731	32	24	46	33	32	22	61	102	49	57	62	4	0	44	33	69	45	30	105	33	30	0	72	17	67	57	25	46	101	57	75	169	11	0	11	0	60	41	17	16
FUN_030668	1910	1228	3838	3049	4223	4290	2280	3309	2471	2426	2797	2194	2238	5276	1722	3356	3467	3056	1439	2208	4829	2468	2556	2007	3443	2602	2538	3838	2359	2602	2334	2572	2616	2909	1475	2434	1786	1732	2674	2548
FUN_031700	1157	629	2201	1912	1627	2344	1862	3089	1760	2087	2696	1635	1864	2873	1515	3201	2558	2547	1258	1241	1786	1771	1877	1123	2297	1743	1215	2201	1538	1743	1665	1831	2036	1502	991	1637	1671	858	1637	1372
FUN_031732	200	294	555	331	705	395	401	539	511	422	299	194	348	800	166	754	690	416	489	312	471	588	667	274	598	512	405	555	450	512	545	393	276	511	249	288	544	131	250	310
FUN_031977	401	354	859	680	936	1068	706	495	628	448	713	438	355	1328	400	778	818	603	459	567	695	611	544	371	695	870	647	859	781	870	572	479	468	784	371	320	480	235	926	622
FUN_032039	408	2487	676	638	677	862	781	885	1429	709	919	437	515	2389	302	751	1386	871	354	1891	911	625	618	439	814	2759	614	676	1134	2759	1028	479	919	752	271	521	434	182	1097	613
FUN_032050	420	1028	1029	658	690	1907	1174	870	936	1164	582	351	786	988	445	669	1184	921	412	872	530	1275	728	578	926	952	1467	1029	739	952	1240	622	642	958	467	773	656	260	524	655
FUN_032215	1001	2201	2068	1489	1613	3157	2836	2302	2009	2551	1527	1027	2333	2625	1106	1771	2847	1777	726	2053	1390	2201	1859	1196	2551	2762	3218	2068	2334	2762	2302	1982	1602	1839	1465	1726	1225	290	1712	965
FUN_032157	127	65	158	123	361	212	115	268	201	127	185	129	50	243	31	123	197	136	92	173	89	110	112	83	159	100	188	158	251	100	156	198	127	105	117	78	27	101	114	99
FUN_032164	470	394	1350	879	1543	1761	725	844	1060	698	893	980	619	1351	437	1004	1302	1215	333	611	1025	1035	926	695	1113	1160	725	1350	1056	1160	677	710	1030	841	474	854	882	556	1068	809
FUN_032261	0	14	13	17	14	20	8	21	25	9	13	16	10	11	20	17	14	13	0	0	7	17	27	5	18	24	22	13	21	24	7	26	21	10	5	8	15	0	16	3
FUN_032277	2429	1835	5384	3031	6964	3261	4324	4087	5694	4698	4347	3497	2823	6154	2722	5635	8247	4982	2575	2552	4545	4383	3394	4369	4667	3895	2657	5384	4239	3895	4518	3859	3628	4478	2305	3129	2953	2261	3631	4208
FUN_032423	448	627	1029	1354	1102	2723	1093	854	1225	1298	841	673	1103	1269	744	887	1523	946	469	1004	776	934	660	734	902	994	2008	1029	1671	994	1272	1356	850	796	1104	712	466	201	617	659
FUN_032868	8	5	8	7	0	9	18	4	28	3	11	0	0	5	0	20	8	10	0	21	8	0	0	8	0	30	0	8	0	30	12	0	7	12	0	0	24	0	25	10
FUN_033796	491	497	655	221	1443	525	678	550	1485	2046	749	916	286	1201	417	1589	1561	453	533	1768	2135	823	349	1304	120	1527	638	655	684	1527	697	533	461	1151	448	370	806	365	1341	936
FUN_033860	2611	2724	4376	4861	6036	8065	4312	4944	5135	3856	4861	3090	3212	9431	3484	5923	8217	5093	2681	3647	4808	3731	4125	2731	4254	6122	3622	4376	5097	6122	4322	3385	4459	4712	2988	3441	3017	1639	4065	3089
FUN_033938	349	322	497	250	491	344	515	369	432	522	325	247	351	504	180	328	417	247	149	418	433	467	386	260	469	348	506	497	430	348	396	478	359	378	199	404	187	158	403	245
FUN_034016	447	854	611	562	411	562	974	502	722	322	629	470	750	743	380	735	388	515	312	766	933	748	289	434	609	862	778	611	424	862	337	836	444	605	312	544	296	324	780	444
FUN_034021	145	395	323	139	186	280	265	283	223	195	97	211	184	268	104	184	203	155	150	260	236	251	234	190	349	291	351	323	212	291	210	240	246	192	118	209	207	83	271	125
FUN_034051	226	316	383	216	326	358	728	403	410	703	438	229	243	659	292	308	444	255	219	418	389	329	300	311	345	528	455	383	421	528	640	311	393	198	175	207	146	131	303	129
FUN_034282	541	717	1519	663	3873	693	1446	1282	1726	1102	1601	764	603	2102	832	1293	2092	981	1332	1269	1711	1687	1199	754	1489	2255	687	1519	2365	2255	1488	1264	1144	1023	323	525	743	1020	1556	815
FUN_034365	674	1023	1218	897	2028	1582	991	1492	1054	1596	1572	1086	759	2201	785	1391	2406	1354	698	1051	1535	1034	1574	857	1155	1521	933	1218	764	1521	919	635	1997	1211	522	684	1453	170	1365	979
FUN_034479	432	580	903	423	632	779	980	872	746	1010	817	685	758	879	440	801	662	659	387	583	654	1083	621	446	956	712	1033	903	665	712	934	783	764	710	392	542	460	333	792	608
FUN_034488	74	85	148	85	230	86	122	104	179	242	69	65	52	216	56	190	131	91	101	173	85	201	171	74	159	150	157	148	216	150	144	82	279	236	118	90	103	77	60	50
FUN_034673	795	335	1566	1214	963	890	1601	420	1402	1546	428	584	571	1008	1493	3884	1846	2102	1102	433	992	26	792	554	1564	1358	1163	1566	926	1358	1100	1205	139	1199	314	771	1228	500	748	1281
FUN_034808	480	1220	1110	808	1307	1191	962	709	1160	875	999	372	585	1610	431	907	1143	712	483	1062	1025	1241	589	540	972	1849	1489	1110	1325	1849	1256	597	795	928	509	811	448	337	834	536
FUN_034865	1992	1622	5152	3261	5442	5577	4315	4678	3626	3593	3686	2259	3162	5939	2803	4399	3087	3649	2537	3391	4501	2743	4088	2747	4558	3403	3933	5152	2553	3403	2954	4025	3300	3402	1847	2531	2795	1263	4345	3066
FUN_034943	29	216	90	149	180	124	80	118	117	35	174	41	46	321	49	190	105	165	21	139	109	55	179	19	163	273	58	90	264	273	50	75	88	87	44	53	43	31	170	51
FUN_035012	151	544	534	500	673	555	501	493	333	516	547	306	342	884	260	526	386	361	270	688	872	376	530	306	411	635	539	534	488	635	295	443	484	509	219	401	366	98	468	215
FUN_035071	1241	806	3406	1500	3723	1992	1710	2921	2035	2348	1877	1428	1848	2572	1212	2820	1799	2583	1030	1590	2911	2247	1920	921	2813	1688	1660	3406	1539	1688	1357	2094	2152	2166	805	2140	1391	996	2240	2354
FUN_035247	1235	965	1631	1530	828	5015	810	3029	1155	1343	2847	1118	1191	6549	1522	3009	1994	3810	673	641	1623	336	1594	1474	1787	2653	1396	1631	522	2653	1176	889	2151	662	827	694	2184	267	4889	1033
FUN_035264	219	266	517	281	450	478	306	334	525	571	287	405	311	418	124	316	522	250	143	425	285	539	343	372	387	419	620	517	320	419	568	373	249	289	257	232	195	170	330	258
FUN_035269	125	368	273	196	286	253	347	296	184	297	163	172	373	397	152	276	238	123	168	323	233	326	210	96	337	435	243	273	160	435	223	214	334	250	153	295	137	81	465	210
FUN_035460	215	290	371	171	343	251	733	293	498	357	220	281	402	531	236	399	325	324	125	465	439	630	256	250	452	690	398	371	243	690	433	532	350	396	197	307	107	236	460	247
FUN_035449	75	131	315	230	453	317	312	271	280	300	189	190	159	278	159	195	283	160	168	231	344	363	218	190	294	272	258	315	339	272	330	199	294	285	173	237	129	322	227	241
FUN_035451	65	91	110	91	196	91	123	154	120	158	138	78	105	170	78	116	103	72	123	128	76	128	111	76	117	115	124	110	116	115	174	173	165	105	49	109	62	46	77	115
FUN_035602	437	307	857	536	1461	836	881	951	716	1064	665	364	479	830	603	972	1171	716	332	525	951	807	724	459	949	668	711	857	841	668	993	739	562	549	427	436	686	218	967	597
FUN_035626	723	459	1257	1280	1438	1670	1252	973	1538	1029	1313	1114	754	2070	871	1338	1691	1459	934	889	1434	1098	1110	869	1311	1645	1030	1257	1069	1645	979	905	1098	850	674	799	895	674	1434	994
FUN_035673	186	421	256	195	277	231	386	326	310	228	125	139	199	306	157	226	385	207	191	259	128	405	202	167	492	325	452	256	299	325	340	475	222	287	174	217	173	36	190	138
FUN_035675	111	369	331	148	217	299	328	244	298	314	124	148	161	397	102	174	286	217	136	340	195	237	150	204	299	397	383	331	262	397	293	123	149	306	155	158	226	65	265	140
FUN_035759	8	0	8	1	0	0	1	2	8	10	0	11	1	0	0	15	16	1	0	2	0	5	0	2	4	29	1	8	6	29	8	0	5	0	10	2	27	0	0	2
FUN_035888	1136	1119	2419	1543	3698	4117	2678	2403	2542	2301	2270	1564	2336	4610	1458	2342	4095	2296	1249	2093	3441	2340	1535	1613	2432	3066	2242	2419	2742	3066	2452	2388	1967	3153	896	2742	1595	1020	2158	2094
FUN_036072	33	97	30	42	18	64	65	81	42	27	68	13	36	130	48	96	49	40	0	110	57	60	68	22	40	114	37	30	26	114	49	21	72	89	15	51	34	39	57	55
FUN_036176	2500	2544	3373	4858	3119	4657	3633	3351	4352	3478	5581	3607	3288	4746	2730	4402	5442	2920	3280	3365	2811	4964	3728	1967	3325	7387	3983	3373	6563	7387	4018	4423	3722	2459	2371	2047	3670	1483	5259	2284
FUN_036225	205	161	292	275	479	304	214	280	419	430	346	218	245	316	213	223	369	224	218	263	357	411	274	177	274	270	313	292	359	270	345	323	401	297	189	269	159	292	369	217
FUN_037036	0	0	3	0	0	0	0	2	0	3	0	0	4	0	4	0	0	0	0	7	20	10	4	0	0	18	22	3	22	18	0	12	0	5	0	8	0	0	0	0
FUN_037056	11269	25944	28203	20852	15606	35753	12120	29337	18797	20608	36516	16351	9918	59827	14045	28373	26150	28352	21607	24551	43894	14155	26306	7946	27482	46707	15916	28203	15317	46707	14344	12395	31438	10391	12930	8746	21816	11996	33631	18918
FUN_037084	303	193	511	374	647	407	478	461	652	556	365	419	428	422	282	520	770	397	285	315	424	632	647	351	422	541	362	511	465	541	547	429	546	582	320	378	208	472	499	303
FUN_037322	34	42	18	32	15	42	21	139	99	91	69	126	45	80	57	54	43	36	29	25	56	35	36	47	26	107	27	18	96	107	17	173	49	4	24	38	80	14	127	39
FUN_037400	9	71	60	13	34	94	149	43	50	141	104	20	44	164	25	109	94	79	38	51	110	114	32	19	60	78	78	60	50	78	78	28	105	89	68	77	54	80	137	61
FUN_037500	53	150	164	12	10	11	42	10	407	642	9	2301	0	2	31	2848	593	71	68	16	1655	0	4	12	310	527	84	164	381	527	43	151	0	0	14	0	547	37	45	487
FUN_037502	47	62	207	70	67	468	124	60	248	87	75	71	3	181	28	65	421	288	18	32	246	5	38	146	149	108	119	207	79	108	109	112	33	7	35	6	44	0	23	154
FUN_037506	52	95	301	25	20	40	45	14	793	764	8	4254	0	3	37	5022	888	220	83	26	1734	0	7	38	611	587	55	301	551	587	96	166	16	0	18	0	806	0	33	890
FUN_037710	362	359	638	519	918	779	853	652	796	758	612	340	371	760	566	708	570	562	268	610	731	904	686	390	690	550	741	638	538	550	555	391	712	1194	532	682	353	513	519	493
FUN_037751	628	632	1080	842	1179	1643	1129	899	1010	791	996	481	885	1115	661	1038	1064	874	521	767	829	1024	878	520	1009	1208	833	1080	939	1208	703	1133	609	877	375	794	565	96	1046	914
FUN_037923	608	1465	1121	857	1138	1509	856	934	1149	1319	803	642	612	1766	438	815	1279	911	606	1222	871	808	790	970	1055	1305	1356	1121	1071	1305	933	1027	821	941	448	804	365	119	927	736
FUN_038001	3400	8884	10663	10245	9082	9791	8157	10716	10026	5009	13277	6252	7267	25528	7956	12051	15564	17100	7818	8693	15120	7971	7943	4893	10913	24028	5138	10663	16575	24028	6600	8060	6471	5282	4112	5240	9083	4045	12997	7323
FUN_038011	126	411	294	221	479	405	516	326	452	515	479	169	299	573	260	251	658	216	169	601	375	554	274	234	339	697	523	294	543	697	550	324	449	368	243	429	148	110	335	126
FUN_038049	142	149	284	167	480	145	260	250	234	251	188	123	209	129	115	227	440	141	149	147	212	337	218	139	268	148	192	284	298	148	387	251	143	294	147	124	141	124	137	164
FUN_038335	323	381	1097	469	684	1160	636	364	824	553	641	498	571	1164	299	607	939	647	305	643	710	1252	439	340	813	877	979	1097	750	877	596	637	645	787	478	530	509	420	698	558
FUN_038429	21	31	53	11	22	103	144	39	189	40	42	76	22	35	16	60	52	61	0	15	82	17	12	78	23	153	65	53	114	153	16	106	39	42	23	37	79	0	29	37
FUN_038498	284	1007	660	653	777	631	569	673	893	575	819	417	539	1034	325	773	988	734	577	686	630	786	633	289	665	1733	476	660	921	1733	614	533	490	815	332	654	551	227	1008	636
FUN_038486	2	9	16	5	3	9	10	17	7	7	7	2	7	11	4	16	8	3	3	4	3	20	13	2	11	11	5	16	9	11	7	16	6	21	3	9	2	3	5	11
FUN_038920	114	128	214	151	228	146	195	205	242	242	156	109	174	194	140	237	245	131	54	97	91	213	169	68	249	132	203	214	235	132	199	185	111	235	93	111	129	45	213	118
FUN_039701	728	1475	2289	1421	1740	2182	1836	1788	1580	1852	1293	644	1124	1507	1025	1759	1478	1497	1631	1486	1520	1444	1468	785	2245	1534	1889	2289	1455	1534	1621	1070	1246	1520	1004	1087	1227	1186	1525	1484
FUN_039829	235	690	428	202	168	616	576	299	658	204	161	223	246	575	132	309	305	446	137	634	332	358	286	181	475	834	441	428	453	834	276	276	238	327	130	225	128	187	150	305
FUN_039922	8	6	8	32	46	46	16	9	26	21	36	18	2	89	9	32	20	47	21	27	31	29	13	10	0	58	45	8	13	58	8	9	10	20	2	0	7	0	7	8
FUN_040061	2692	3838	9071	5058	10741	7176	9965	13460	8722	3445	7216	3100	6294	16719	4589	8377	6338	6916	4943	7484	6804	4319	6968	3416	9657	11343	5626	9071	15458	11343	5328	7568	3858	5289	1931	4214	2899	1172	6402	4400
FUN_040121	314	2443	61	23	328	269	145	213	212	1164	532	501	214	564	134	575	823	126	42	78	2414	5	172	353	61	1199	42	61	332	1199	16	651	1292	399	97	182	921	1154	605	572
FUN_040438	7	25	165	25	95	145	144	29	85	286	10	114	0	13	46	248	210	151	21	7	153	2	15	61	189	99	93	165	52	99	45	46	19	44	13	10	119	0	38	202
FUN_040712	1312	1155	2243	1277	2391	2774	1950	1704	1796	1800	1825	1127	1747	2166	1091	1639	2388	1393	937	1477	2646	1883	1724	1513	1961	1606	2461	2243	1248	1606	1799	1853	1633	2164	1140	1628	1071	857	1274	1539
FUN_040858	1347	1332	3330	2547	3285	3697	2928	3313	3390	2452	3866	2875	2212	5389	2021	3933	4737	3546	1825	2202	3922	2374	2724	1972	2918	4320	1676	3330	3490	4320	2533	2969	2588	2380	1510	2067	2819	1361	3078	2292
FUN_040879	129	145	144	101	138	155	221	164	185	195	200	83	88	210	148	190	167	144	79	215	118	184	176	110	149	246	152	144	194	246	116	174	148	170	104	102	136	88	168	122
FUN_041531	177	236	310	155	347	417	258	226	320	323	116	167	204	361	108	193	372	259	321	433	223	448	192	191	304	535	361	310	308	535	270	209	299	315	196	306	116	214	584	217
FUN_041581	2003	1670	2408	2367	2991	3532	2590	2489	3735	2763	2803	2905	1810	3428	1867	2847	2922	2575	1927	1798	3227	2896	2330	1867	1928	2765	1921	2408	2303	2765	2045	1925	3182	2384	1468	2488	1883	1674	2888	2014
FUN_041662	544	1355	1023	907	1166	1217	1485	1478	1232	1665	1035	696	1231	1540	646	910	1134	667	479	1663	1455	1453	1009	888	1045	1599	1221	1023	1006	1599	1132	1178	1174	1133	630	1080	540	186	1346	593
FUN_041740	45	83	76	82	142	196	54	105	166	128	39	58	134	98	14	96	157	109	50	47	109	252	111	127	90	127	90	76	128	127	65	66	47	96	76	63	114	47	128	91
FUN_041890	1562	1639	2852	1882	2850	2681	2495	2558	2992	2693	3020	2257	2605	2975	1599	2371	2999	2128	1166	2027	3126	3582	2217	1905	2658	2589	2405	2852	2235	2589	2442	2769	2280	2156	1600	1891	2274	1352	3086	1680
FUN_041920	399	344	887	601	1416	643	1311	694	656	775	611	390	360	948	417	619	801	560	473	769	1217	798	495	624	968	473	968	887	636	473	697	586	560	660	459	513	406	333	595	558
FUN_041910	221	344	634	479	645	744	449	465	850	296	640	419	222	1193	214	616	448	408	246	441	479	349	458	244	692	777	471	634	955	777	292	388	407	214	314	212	379	92	655	224
FUN_042042	110	142	360	253	270	295	302	281	233	441	169	156	197	364	161	299	429	250	146	303	165	258	298	259	305	318	400	360	282	318	426	200	291	283	194	218	91	95	349	213
FUN_042045	616	940	1645	1914	1387	1325	1323	1536	1617	1168	2201	1156	945	2365	1078	2516	1613	1521	1545	1439	1365	1937	1702	638	1499	3650	1100	1645	2305	3650	1181	878	1212	1077	959	744	1481	1150	2389	1219
FUN_042050	166	233	426	215	473	411	308	278	342	430	292	201	205	459	128	173	270	196	119	523	769	240	207	296	322	570	674	426	358	570	459	293	248	211	214	182	258	187	410	292
FUN_042053	442	994	1311	895	1534	1362	1527	1718	1213	1413	1125	746	1135	1284	707	1214	1423	1295	692	1141	947	2068	1354	679	1189	1504	1218	1311	1139	1504	996	1006	1160	1662	723	1204	902	389	1519	954
FUN_042202	18	19	10	14	47	13	7	42	8	12	7	14	8	9	11	15	27	50	35	9	0	9	27	18	36	45	22	10	20	45	25	29	7	10	0	5	28	0	24	14
FUN_042848	4184	8091	11049	5417	10470	10668	11151	8285	9710	8459	7197	4572	6354	11195	4713	8234	10768	6758	3667	9105	8679	8824	6443	5276	8878	11517	10873	11049	10199	11517	9495	8202	6240	7564	4287	5270	4509	2530	6540	5285
FUN_042922	0	4	49	52	151	60	27	25	0	42	65	0	49	79	62	151	43	67	47	9	56	63	16	2	31	69	14	49	93	69	18	106	63	23	10	36	25	0	149	30
FUN_042925	0	11	327	112	1410	129	84	172	0	311	283	0	92	333	417	730	132	464	352	28	205	132	260	0	182	279	83	327	229	279	59	894	163	213	53	90	581	97	585	182
FUN_042934	0	4	149	75	260	86	53	136	0	140	124	0	51	142	103	225	72	194	81	45	92	70	121	0	67	223	61	149	37	223	21	259	49	46	20	56	262	16	168	72
FUN_042961	321	359	457	238	320	498	858	467	486	655	378	231	163	620	279	496	641	422	239	584	420	289	261	320	559	548	650	457	519	548	737	421	329	296	251	184	186	149	401	204
FUN_043029	36	92	127	57	96	86	143	78	159	117	41	60	65	95	12	126	72	79	52	63	74	163	55	24	161	120	133	127	76	120	72	41	134	109	68	49	74	27	63	81
FUN_043150	0	6	0	0	0	0	0	0	4	0	5	0	0	0	0	0	0	0	0	9	10	0	0	0	0	22	0	0	8	22	0	3	12	0	7	11	0	0	0	0
FUN_043157	274	166	532	519	1423	570	339	736	475	811	548	502	491	757	177	656	584	411	339	286	781	327	749	573	530	489	820	532	483	489	483	528	610	740	342	399	523	339	344	481
FUN_043244	9162	6890	13784	14981	16010	20186	19200	8748	20103	10300	13052	10401	11975	35469	10297	11739	21924	7999	8294	15258	28114	6695	9729	10386	11718	14345	20069	13784	11001	14345	12272	14535	8369	15045	7708	8305	8448	4038	13512	11038
FUN_043395	0	0	12	6	30	0	0	6	19	16	0	11	0	5	0	18	11	32	0	0	0	13	43	13	13	21	8	12	21	21	12	17	2	6	0	0	0	0	0	4
FUN_043401	55	306	246	150	186	235	248	95	284	101	211	75	109	276	50	133	250	148	58	174	169	239	148	89	247	361	270	246	149	361	170	69	164	182	89	127	57	0	343	108
FUN_043426	176	225	373	188	255	457	211	322	215	393	321	203	262	365	157	286	558	276	287	205	389	322	266	188	279	505	372	373	357	505	342	263	297	322	98	360	219	217	397	229
FUN_043485	13901	8058	21390	23293	7066	40470	14988	20606	23654	6714	18407	17459	6832	26432	12029	16227	7751	16442	4814	14344	21446	7302	13142	18243	16983	21437	21799	21390	5947	21437	6275	7085	13088	5144	11657	4678	12577	3094	18529	15531
FUN_043489	167	125	431	261	459	386	438	340	273	338	325	191	310	359	198	284	297	243	178	240	430	445	339	251	551	270	469	431	273	270	379	304	313	420	235	272	402	223	346	262
FUN_043505	2196	2431	4423	2721	5041	4007	4480	2893	6525	2987	3785	3113	3394	6126	2156	4201	6179	3301	2557	3572	5376	4253	3177	3046	3556	5295	3095	4423	4845	5295	3538	4061	3306	4154	1637	2682	2622	1040	4482	2678
FUN_043624	0	77	40	0	6	39	31	0	27	201	0	42	7	2	18	137	704	24	0	0	685	0	0	3	66	277	48	40	222	277	23	59	0	0	13	0	0	0	0	150
FUN_023355	0	2	3	10	5	16	18	0	4	5	19	18	0	3	9	9	8	10	13	4	3	15	2	8	4	23	18	3	17	23	0	0	3	12	8	2	0	0	10	5
