gene_id	1A1	1A10	1A12	1A2	1A8	1A9	1B1	1B10	1B2	1B5	1B9	1C10	1C4	1D10	1D3	1D4	1D6	1D8	1D9	1E1	1E3	1E5	1E9	1F11	1F4	1F8	1G5	1H11	1H12	1H6	1H7	1H8	2B2	2B3	2C1	2C2	2D2	2E2	2F1	2G1
FUN_002433	259	96	125	180	154	83	223	235	245	496	284	275	233	129	141	253	173	100	270	143	167	527	219	143	138	113	213	125	166	113	304	167	257	262	274	145	212	128	259	81
FUN_002697	728	415	366	911	542	338	863	403	951	1918	822	869	683	282	719	1031	1315	253	1763	443	253	1051	942	283	359	811	580	366	1259	811	1694	580	756	694	771	637	427	354	1073	209
FUN_003852	9	26	32	7	24	21	58	43	32	48	8	24	45	15	9	25	30	28	0	15	14	57	28	11	43	0	74	32	24	0	14	71	28	65	18	81	0	0	0	21
FUN_004083	747	658	1026	2015	551	624	525	1188	651	2108	1806	615	1072	696	982	1649	613	345	2122	787	470	1151	1969	385	783	1061	1409	1026	751	1061	1040	1133	1866	716	1514	804	1501	532	1893	534
FUN_004100	261	680	524	92	377	621	451	639	401	378	391	324	3130	426	156	147	693	273	210	603	1516	291	284	1500	411	186	688	524	88	186	343	1644	374	654	142	712	1379	470	447	568
FUN_004114	154	155	162	154	238	127	250	207	249	467	313	228	145	171	68	142	215	54	68	224	199	263	242	177	145	129	320	162	218	129	264	388	368	263	262	189	96	139	469	71
FUN_004270	619	425	591	255	333	491	995	665	746	905	765	786	789	504	316	502	456	321	312	636	786	1082	560	559	620	447	783	591	291	447	744	727	521	672	498	423	446	570	538	473
FUN_004568	1905	836	1584	1346	742	1034	3185	894	2279	3865	1757	1996	1552	1026	2227	2684	994	835	774	1416	1209	3716	1220	1636	1430	1678	2389	1584	1023	1678	2511	2501	1541	1309	2128	1107	883	1124	1851	781
FUN_004633	22	42	129	83	186	69	88	86	94	237	60	34	179	126	42	73	31	58	55	142	129	82	68	91	85	44	140	129	30	44	122	32	114	106	46	72	22	13	77	110
FUN_004634	77	114	228	45	375	136	236	288	89	362	63	57	306	161	41	58	167	154	71	122	150	252	105	222	304	46	295	228	53	46	299	275	97	402	59	378	101	148	68	113
FUN_004898	99	126	582	90	643	279	553	524	261	309	267	193	328	213	115	200	303	301	43	340	315	329	220	239	664	138	435	582	157	138	307	377	153	586	82	329	283	91	167	322
FUN_004921	38	19	30	24	9	20	47	19	45	94	50	27	32	21	10	86	24	6	46	35	2	24	37	16	11	26	41	30	15	26	34	20	17	32	67	27	58	17	54	28
FUN_005177	494	643	679	320	421	986	642	730	523	1379	720	534	1174	756	315	563	647	527	362	864	837	1052	606	831	841	507	1357	679	300	507	807	802	882	1075	662	1240	474	551	856	503
FUN_005200	115	161	277	88	159	199	295	229	289	283	252	228	204	126	101	385	239	178	253	181	109	407	225	137	227	220	331	277	87	220	331	198	296	265	155	142	137	104	229	77
FUN_000323	2170	1091	997	4760	720	1128	1713	1262	1565	1774	4126	2931	971	687	2563	3283	709	795	8429	865	1199	904	3673	1127	912	1147	1741	997	603	1147	994	1048	2105	1507	2779	1027	2949	3616	6114	763
FUN_000370	387	504	2283	231	2638	1133	1389	1262	605	821	496	338	953	1232	235	315	1797	962	404	990	2419	1036	435	1148	2319	462	1926	2283	504	462	1629	1101	412	2580	244	1677	541	590	335	1274
FUN_000632	757	1544	446	1888	3115	3241	717	3783	217	8213	5983	3966	7188	2717	1524	723	2101	282	4017	10471	12250	3747	686	5946	19	3370	1750	446	143	3370	752	7208	2747	6410	1081	6722	751	645	2823	1526
FUN_000637	1122	1937	475	3182	6403	4496	1195	4879	264	13759	6113	5588	10894	2674	2811	710	2870	340	5854	10485	11490	5979	720	7454	8	3539	2997	475	461	3539	995	14600	2871	8785	1518	11669	626	1424	2655	1791
FUN_000873	89	325	776	282	763	170	550	466	344	472	388	133	347	355	135	348	495	446	134	426	439	346	306	330	573	466	389	776	365	466	369	584	354	422	207	248	144	56	412	603
FUN_000960	903	931	1011	688	556	703	1290	1279	973	2296	1386	1359	1784	703	830	1166	568	647	382	829	761	1908	1184	920	997	632	1153	1011	355	632	906	2180	1493	930	989	718	1353	1006	1531	545
FUN_001024	102	50	951	15	510	256	1663	1229	311	1166	11	75	190	217	303	547	853	752	106	150	91	112	435	438	1388	22	223	951	278	22	1024	665	46	143	47	257	85	0	33	533
FUN_001040	289	281	302	196	435	511	495	258	377	354	186	124	361	754	157	89	155	141	119	493	677	260	166	371	363	280	867	302	237	280	286	327	218	800	291	597	208	84	267	152
FUN_001160	87	122	601	17	285	423	434	397	94	292	87	40	417	247	25	47	451	223	26	249	457	275	75	440	404	90	641	601	35	90	376	551	171	629	47	440	150	92	47	283
FUN_001201	258	192	470	297	907	314	237	745	524	473	600	414	461	538	352	212	337	165	213	843	524	461	602	269	686	519	765	470	264	519	317	407	1173	1069	237	385	626	171	567	129
FUN_001205	22	0	0	6	12	18	0	0	7	3	8	0	26	37	27	0	0	0	0	10	40	11	0	0	0	12	20	0	0	12	0	46	32	18	0	34	0	0	81	3
FUN_001204	566	190	5502	378	2996	2140	645	794	2447	1865	931	875	987	1154	309	1277	4685	2724	533	696	1124	6725	536	1219	2764	954	3041	5502	1695	954	2305	739	1635	1206	864	1341	1252	874	212	2894
FUN_001326	34	0	169	3	66	124	89	138	13	133	58	10	49	42	9	20	66	46	0	54	111	23	17	81	103	12	135	169	16	12	74	102	63	161	8	129	21	3	33	77
FUN_001396	145	256	1490	134	1155	931	1375	703	500	336	367	212	509	807	145	259	940	626	255	419	925	893	148	720	1185	203	1176	1490	229	203	881	504	240	1351	129	843	187	148	208	775
FUN_001483	1117	760	2909	941	2288	1868	2566	2684	1582	2558	1092	905	2275	1433	801	1624	1749	1201	840	1905	1913	2388	1467	1639	2684	969	3307	2909	1243	969	2583	2509	1228	2772	1149	1863	1045	1039	713	1405
FUN_001762	0	0	5	20	0	4	0	7	0	6	0	0	22	0	0	0	0	0	0	8	0	0	0	2	22	0	22	5	0	0	36	6	0	7	4	0	0	0	0	8
FUN_001755	15	0	14	29	0	10	3	10	0	37	0	0	11	0	0	0	0	10	0	10	0	0	0	10	58	0	55	14	0	0	62	22	0	20	15	14	0	0	0	3
FUN_005739	4	0	11	0	21	8	12	11	46	6	0	19	6	4	0	26	16	6	0	0	116	0	2	20	30	49	10	11	19	49	8	35	0	11	2	0	0	0	2	56
FUN_005740	47	27	73	16	73	47	93	88	465	35	15	226	53	57	31	270	156	53	11	11	512	6	20	86	180	333	57	73	261	333	16	156	8	54	20	10	128	23	105	189
FUN_005741	47	27	59	15	61	52	87	73	425	36	13	231	40	44	33	256	135	56	9	9	370	6	19	64	151	326	40	59	244	326	16	102	8	44	22	9	148	24	65	167
FUN_005742	42	28	45	15	45	45	58	53	378	33	11	244	31	36	34	234	127	43	9	10	246	4	19	45	111	286	31	45	207	286	13	76	7	34	17	7	133	24	57	123
FUN_006934	118	192	251	115	192	276	360	212	217	395	104	68	201	201	157	249	171	192	124	250	179	350	221	174	341	189	314	251	151	189	351	99	116	281	133	244	54	31	270	136
FUN_006952	0	15	0	9	3	24	4	0	5	13	0	12	0	0	0	0	10	0	0	0	0	0	0	2	0	0	14	0	0	0	11	5	3	0	7	8	0	0	0	0
FUN_006951	60	100	2	109	7	40	38	15	26	137	115	30	55	28	121	17	26	16	240	55	14	21	44	11	0	50	86	2	12	50	41	42	95	4	96	10	0	45	233	0
FUN_006954	61	5	10	26	16	26	2	6	0	28	11	20	11	29	26	0	21	0	24	20	0	7	17	11	5	4	21	10	0	4	12	16	9	0	13	20	31	0	22	5
FUN_006955	95	0	0	0	0	8	11	4	0	2	7	21	5	15	0	0	5	6	0	39	5	2	0	4	17	11	111	0	0	11	13	4	25	0	0	15	44	0	0	2
FUN_006959	86	24	19	40	98	1061	16	5	56	20	797	16	135	578	6	32	74	47	174	3953	68	38	158	48	16	11	138	19	44	11	8	43	20	18	736	199	73	31	21	20
FUN_006966	147	31	25	80	255	2431	17	5	113	23	1267	17	307	1572	9	40	166	66	320	7070	237	63	194	123	19	15	352	25	60	15	30	79	26	36	1363	350	76	45	72	27
FUN_006971	25	2	0	0	0	0	9	0	0	0	5	8	0	5	0	0	0	20	0	33	0	0	0	9	3	0	55	0	0	0	14	3	8	0	0	4	0	0	0	0
FUN_006975	487	129	194	169	161	387	72	671	486	70	1801	207	155	798	73	284	97	1648	85	397	199	185	557	763	141	127	138	194	123	127	83	51	205	126	135	295	82	21	155	446
FUN_006976	615	9	250	0	15	83	3	836	374	8	220	223	67	124	12	397	7	2072	15	134	51	82	819	1109	188	0	81	250	9	0	14	9	22	8	7	62	113	0	15	570
FUN_007016	676	879	966	531	1307	441	1108	906	1123	1174	1133	913	542	781	628	810	628	423	711	898	734	1096	1184	587	835	936	970	966	502	936	768	942	1279	852	728	614	722	574	1172	519
FUN_007020	2508	3716	2588	1254	9395	10761	2152	5118	1385	5024	1947	2014	5238	10098	1462	1866	9354	8994	1073	2751	6338	1325	2544	6378	2283	741	3332	2588	816	741	1903	4878	4314	11133	2263	5135	2742	3626	2411	4443
FUN_007022	1090	551	5274	865	2925	4507	2247	1904	838	2472	1229	1163	2225	2654	600	1838	3396	3683	1233	1417	3392	1655	1148	3194	4807	529	5899	5274	360	529	3348	1710	562	5852	1137	2820	1403	872	379	3120
FUN_007680	21	0	68	12	24	25	54	17	67	39	14	27	23	17	5	45	47	30	0	6	15	8	36	33	79	10	42	68	64	10	43	16	24	66	32	7	0	14	21	35
FUN_007683	17	31	51	52	32	34	27	38	67	69	46	31	2	65	12	116	78	35	52	42	23	41	67	39	74	33	33	51	71	33	66	25	59	40	43	3	41	3	157	6
FUN_007866	3396	3104	8212	2264	5421	5348	6974	5820	3419	8700	5011	3551	10511	3777	4118	5424	4691	4229	1659	4119	8289	4006	2072	6554	3766	1836	8881	8212	1441	1836	5737	7532	2533	7530	2543	5737	3754	3454	1367	5015
FUN_007964	309	354	1053	158	1392	764	632	1743	261	1097	351	333	1085	579	212	402	778	573	266	590	1511	638	621	922	1030	262	927	1053	267	262	769	835	555	1189	211	1180	502	216	171	789
FUN_008036	21	44	62	53	17	14	50	114	44	82	26	40	58	46	19	25	49	45	0	43	30	45	72	25	33	14	65	62	12	14	71	17	40	30	31	31	45	0	84	20
FUN_008237	664	755	959	478	842	569	871	1595	877	1287	888	1004	2054	630	436	747	588	442	212	828	1128	1430	1343	881	674	740	1110	959	316	740	695	1856	1301	1117	773	1107	1379	1204	976	641
FUN_008282	31	347	532	53	529	281	413	431	158	370	305	99	698	357	64	200	386	129	115	374	834	449	116	215	613	209	311	532	247	209	487	751	331	492	64	403	68	52	120	261
FUN_008296	223	385	837	191	724	693	891	897	547	718	263	347	699	743	265	434	626	672	110	514	512	704	584	490	887	396	877	837	347	396	688	830	289	812	277	703	207	354	238	471
FUN_008385	103	464	209	86	56	149	162	97	347	247	130	202	240	189	88	155	137	45	42	187	91	450	122	146	115	365	190	209	169	365	137	98	349	100	60	143	74	63	278	78
FUN_008387	30	138	356	36	213	365	254	231	203	206	38	41	101	240	38	131	240	249	39	150	154	88	111	160	413	49	470	356	92	49	257	68	73	333	42	475	40	0	62	107
FUN_008588	59	91	402	46	263	139	416	195	116	269	270	53	204	185	117	62	197	80	79	196	227	227	84	126	252	133	411	402	64	133	198	176	290	285	61	171	25	84	195	151
FUN_008617	75	113	86	18	208	111	158	123	181	122	78	70	103	97	50	130	109	92	38	117	63	119	100	57	75	92	176	86	99	92	141	71	185	164	76	107	57	95	162	30
FUN_008660	2893	1049	3006	2054	2168	1792	3264	4388	1948	5715	2816	2614	4708	1925	2360	3055	1886	1686	2234	2325	2963	3049	3276	2365	3162	1496	3177	3006	1304	1496	2881	4052	2606	3204	2255	2971	2738	2070	2707	1790
FUN_008934	646	892	2386	191	1266	989	986	2754	307	941	279	279	3415	760	403	346	681	716	231	611	2741	714	627	2658	1532	237	1907	2386	180	237	1038	2982	895	1724	161	2656	774	545	335	1290
FUN_009346	17	19	15	15	23	46	0	36	50	39	17	0	18	44	7	17	45	10	0	6	58	0	0	61	0	6	45	15	12	6	14	21	0	21	0	32	0	30	0	9
FUN_009532	5581	8292	8286	3273	3582	9792	11835	7338	6877	12103	5583	5040	14843	8175	5379	7058	7586	6681	2420	7002	6671	6612	5645	8088	8580	5300	10247	8286	2728	5300	8385	7927	6199	8580	4838	12854	5481	2610	4873	5096
FUN_009841	38	26	97	129	83	120	155	62	72	79	55	42	63	115	37	99	134	162	0	92	49	95	90	56	85	133	127	97	54	133	68	68	94	120	52	26	104	0	102	86
FUN_009842	233	176	327	53	336	223	340	450	168	175	117	223	857	165	110	121	136	116	57	156	331	316	88	393	290	130	358	327	72	130	265	1277	246	371	63	435	233	0	100	193
FUN_010664	1307	971	2001	1677	1350	1221	2024	2227	3100	3949	2243	3114	2430	1376	1665	2218	1400	794	621	1308	1799	3383	2688	1700	1822	1444	2203	2001	1063	1444	2182	2749	2510	1962	2083	1351	1972	1036	3048	962
FUN_010772	4	4	79	53	39	98	100	85	146	66	9	17	10	36	17	43	134	45	76	63	89	40	72	70	173	56	145	79	29	56	126	2	43	49	58	30	23	0	0	79
FUN_010919	320	158	470	58	353	421	431	435	174	399	361	315	300	188	119	303	447	355	231	280	499	541	185	392	418	113	651	470	132	113	385	388	260	483	119	310	279	408	55	391
FUN_011416	220	615	3318	307	3092	4106	1985	1595	1255	875	284	245	1568	3528	335	608	4709	3207	148	1284	2929	1691	344	1570	2919	1325	2495	3318	1660	1325	2392	1655	645	2191	242	1884	146	219	325	2273
FUN_011693	572	838	2530	994	2366	1736	1708	1997	1172	1848	974	590	1414	1920	663	1154	1978	1120	672	1436	2362	1485	1355	1594	2234	1152	2293	2530	732	1152	1553	1312	1052	2485	978	1482	722	383	1198	1535
FUN_011723	481	305	718	476	213	453	850	582	394	912	462	418	584	396	475	782	407	397	640	392	602	454	530	474	679	290	680	718	229	290	540	423	371	558	392	397	479	217	303	354
FUN_011908	1508	903	1075	1349	723	858	1007	1184	768	1322	1837	1571	970	614	1002	1966	832	791	5347	713	1004	977	1896	886	843	665	1372	1075	440	665	1163	1342	1690	1250	1006	880	2679	4138	3322	706
FUN_011931	58	79	212	52	192	154	199	174	176	195	83	127	105	177	80	68	190	68	27	189	205	306	113	151	176	92	252	212	109	92	221	233	174	290	78	126	67	53	72	58
FUN_011927	197	298	1267	186	949	987	1355	842	551	666	155	280	890	1200	234	277	1357	663	213	487	823	973	249	828	1282	376	1221	1267	384	376	1167	1078	375	827	102	1201	460	174	302	533
FUN_011947	360	765	558	316	522	583	932	847	751	657	343	348	711	833	245	514	685	466	164	589	286	735	795	272	701	586	710	558	410	586	805	938	439	693	402	297	761	53	602	249
FUN_012329	10	0	26	26	11	55	26	5	37	70	0	0	28	14	21	31	41	34	0	21	37	12	20	47	47	0	53	26	33	0	33	43	11	40	14	63	0	19	22	25
FUN_012374	80	69	147	27	43	83	91	56	96	73	14	36	113	70	9	40	50	79	7	106	115	164	70	102	69	26	143	147	25	26	116	108	57	101	27	129	114	19	6	47
FUN_012468	33	26	65	1	69	3	22	110	18	14	60	15	84	136	29	22	9	51	0	143	125	26	53	74	33	17	7	65	25	17	34	69	143	204	0	145	13	5	72	36
FUN_012469	108	53	119	147	47	198	423	57	252	306	35	87	191	122	47	135	128	103	61	190	151	61	14	134	166	55	422	119	92	55	311	162	52	111	58	146	82	38	42	83
FUN_012470	72	31	73	37	84	93	148	27	97	332	61	74	145	160	26	14	180	63	73	189	273	126	0	93	77	134	242	73	60	134	308	142	36	68	13	90	0	53	32	45
FUN_012471	23	8	73	30	114	49	77	228	58	212	61	6	83	27	88	41	40	58	87	70	53	38	44	16	42	23	52	73	43	23	102	134	93	100	24	85	35	14	26	54
FUN_012473	11	25	58	5	266	41	146	184	38	483	139	18	23	16	170	25	198	28	361	51	58	5	54	24	45	12	33	58	81	12	197	267	106	43	21	43	0	58	28	62
FUN_012474	149	35	590	30	635	426	326	126	282	64	87	99	145	132	37	35	373	280	41	139	306	192	72	427	527	46	693	590	88	46	240	135	70	463	31	320	69	143	14	331
FUN_012700	18	16	196	0	147	39	158	94	53	42	17	0	35	72	0	41	61	53	20	46	267	38	11	53	196	87	106	196	26	87	123	59	28	174	40	28	52	22	0	37
FUN_013361	263	267	672	127	593	416	801	264	616	229	253	121	205	303	83	376	416	357	195	419	695	297	167	376	1054	257	818	672	209	257	666	362	151	533	200	399	251	301	107	377
FUN_013363	8	14	43	89	64	52	70	61	45	110	65	18	45	20	29	43	52	40	28	69	53	38	28	33	135	0	145	43	13	0	97	34	25	91	31	42	20	0	0	12
FUN_013364	54	78	158	150	52	33	276	246	105	179	85	114	113	18	230	401	77	121	130	63	88	150	423	83	204	89	154	158	46	89	105	111	80	97	81	103	322	50	139	47
FUN_014562	251	373	1043	192	482	862	1036	407	1074	417	161	230	445	1034	349	332	1401	670	103	410	704	1288	255	629	1182	891	927	1043	194	891	1267	243	312	607	126	540	229	149	365	851
FUN_014563	2599	5301	2048	790	1900	3351	2067	5251	2798	3705	1967	2939	9887	1865	1468	687	2991	1228	260	1771	2935	4295	2714	3203	1524	2200	2818	2048	1731	2200	2161	17793	5152	2532	862	2185	3344	1672	3724	2017
FUN_014564	327	329	662	136	581	433	763	741	522	928	541	501	1128	360	292	325	356	232	150	361	589	1024	320	503	367	376	678	662	255	376	508	1237	637	736	256	443	456	371	446	379
FUN_014565	1272	1729	1468	1227	1239	1430	2475	2254	2110	2778	1939	2056	2710	1447	1602	1484	1496	1041	416	1253	1412	3313	2355	1413	1069	2007	1791	1468	1387	2007	1443	3696	2672	1963	1617	1163	1665	935	2550	1011
FUN_014590	107	113	217	46	144	200	102	204	139	233	155	61	196	182	72	107	220	232	141	140	93	204	215	165	164	80	218	217	55	80	108	222	160	130	78	286	82	278	203	97
FUN_014766	20	8	66	0	28	8	48	104	87	174	72	15	36	136	20	101	81	61	44	51	11	104	94	14	115	59	26	66	13	59	114	7	70	70	17	46	18	0	88	41
FUN_014844	190	123	592	275	132	458	532	409	267	637	464	142	227	271	239	479	310	236	524	448	201	306	343	324	551	176	665	592	180	176	625	207	480	499	271	376	145	125	680	160
FUN_014897	778	663	717	663	359	769	1027	679	579	1167	552	483	995	856	803	872	721	437	838	782	446	569	732	758	657	473	961	717	188	473	779	663	731	687	481	676	353	427	960	352
FUN_014982	90	42	177	50	158	48	65	173	87	252	254	124	74	190	45	58	56	54	46	170	96	148	208	148	87	23	140	177	0	23	61	45	146	238	63	89	0	16	68	81
FUN_014993	144	237	319	17	270	202	263	244	226	392	325	207	145	297	62	180	290	112	121	302	375	278	155	341	350	187	370	319	79	187	365	265	372	317	113	270	37	182	156	175
FUN_015036	236	224	629	45	343	402	522	522	139	355	408	180	444	381	157	176	269	333	291	330	576	274	166	482	525	143	525	629	71	143	511	505	265	648	87	482	289	136	148	390
FUN_015072	4	35	53	2	57	24	18	14	0	9	25	4	9	37	9	71	14	44	0	18	43	10	45	12	59	35	61	53	34	35	12	20	28	41	0	7	32	2	69	50
FUN_015085	16	0	24	0	27	11	1	8	6	36	0	2	17	2	0	10	5	9	0	19	3	6	5	29	13	5	17	24	9	5	21	7	35	21	6	12	14	81	0	0
FUN_015086	110	32	82	0	48	40	36	98	109	93	37	69	73	75	40	27	36	32	0	48	204	6	9	144	44	107	71	82	14	107	21	132	74	159	21	46	55	0	26	15
FUN_015074	4	20	56	18	92	50	39	77	44	74	19	0	24	25	20	17	44	25	20	62	17	83	46	77	111	24	82	56	14	24	31	28	33	80	30	37	27	67	220	56
FUN_015076	190	103	264	56	220	238	288	229	299	430	106	122	270	287	108	148	246	189	55	159	125	291	175	193	362	152	237	264	88	152	312	158	208	263	115	216	46	0	176	189
FUN_015090	9	27	103	39	112	52	106	33	38	110	69	17	38	70	22	26	48	22	12	61	59	73	31	56	79	36	144	103	27	36	85	57	58	115	47	50	0	25	37	43
FUN_015222	42	30	58	20	70	115	89	58	31	87	40	60	96	46	17	66	71	37	0	32	65	101	63	107	89	0	123	58	27	0	120	86	62	97	58	115	16	85	41	39
FUN_015223	111	258	149	15	100	146	160	120	110	272	88	75	307	110	74	45	107	82	79	161	159	90	122	186	93	35	126	149	18	35	151	359	167	176	38	392	63	79	93	98
FUN_015233	113	173	550	66	362	466	499	458	263	492	278	105	370	419	81	114	363	272	139	371	647	392	212	437	608	273	537	550	117	273	474	383	346	462	95	615	90	170	188	256
FUN_015259	491	1059	1231	319	1465	720	1728	2481	610	1864	557	408	2567	679	816	532	727	548	378	1471	3761	684	1077	1696	748	375	1168	1231	380	375	1091	2216	1187	1327	295	1708	416	288	689	1560
FUN_015261	83	203	9	121	352	262	14	25	66	14	117	48	195	249	8	2	6	0	0	385	937	40	0	240	7	162	345	9	111	162	3	646	310	102	83	164	0	97	138	0
FUN_015297	27	0	67	6	18	5	13	70	12	39	14	0	30	23	18	20	30	44	0	25	20	52	36	21	61	0	63	67	24	0	36	14	23	74	8	32	0	0	9	17
FUN_015323	9	77	116	80	176	126	257	44	78	148	75	13	52	147	6	131	102	66	80	84	109	95	71	109	176	51	185	116	27	51	171	78	82	111	77	103	57	0	27	39
FUN_015352	45	5	326	36	163	133	99	292	59	116	10	0	71	58	16	36	120	151	0	74	78	23	112	169	335	0	268	326	22	0	113	92	42	229	26	96	0	41	21	112
FUN_015356	4	6	40	2	35	35	0	69	2	9	0	0	21	7	10	24	14	19	0	29	35	32	20	29	34	0	33	40	6	0	20	10	16	71	0	68	52	0	0	22
FUN_015434	12271	8728	7407	4556	7046	4516	9665	10973	14813	13841	9122	11098	11696	6492	6390	8489	7178	4858	5701	8452	9444	14055	9871	9273	7268	8241	8912	7407	4935	8241	8801	12691	12608	9620	5547	7977	13991	9852	9950	5728
FUN_016165	415	538	964	1044	904	1073	1048	614	1008	514	697	632	500	860	500	780	829	568	425	573	649	1247	515	467	935	1228	982	964	1099	1228	864	757	547	524	548	626	444	294	717	483
FUN_016635	154	310	381	184	638	288	428	763	305	289	318	181	446	345	139	223	116	134	129	245	459	464	468	241	359	189	419	381	192	189	124	575	363	434	201	371	278	148	316	221
FUN_017849	17	0	179	12	68	143	204	130	149	112	26	90	124	95	18	77	56	71	48	100	49	130	75	81	167	36	185	179	28	36	130	116	78	178	28	93	55	179	22	52
FUN_017915	3954	4228	2206	5148	1707	1827	4225	3049	3329	3814	6657	4500	3232	1868	3396	5634	1660	1589	12788	2751	1904	4748	5551	1885	2057	3285	2882	2206	2051	3285	2478	3702	4024	1952	3127	1688	6375	7101	10028	1311
FUN_018008	649	489	788	342	393	503	1244	823	1033	1249	745	598	843	502	453	710	526	433	292	517	739	1322	645	671	682	569	1073	788	428	569	652	1222	1077	696	601	584	656	676	569	468
FUN_018123	488	103	214	488	87	134	139	197	492	771	506	318	202	94	614	961	248	138	976	126	71	618	431	170	130	149	209	214	262	149	402	326	442	95	278	130	636	80	154	55
FUN_018407	98	177	444	104	153	674	83	294	165	310	163	105	100	251	35	161	281	395	114	237	113	87	177	135	428	108	522	444	86	108	315	142	238	179	197	192	107	12	343	287
FUN_022041	15	0	0	0	22	3	5	31	11	55	0	20	29	9	2	9	6	0	0	17	5	20	22	25	0	0	25	0	11	0	0	47	19	6	19	16	0	0	33	0
FUN_022184	42	60	150	59	196	23	43	587	51	268	156	268	305	47	64	56	47	77	28	12	113	56	366	177	74	30	41	150	19	30	39	267	68	73	9	159	93	97	59	174
FUN_022580	117	246	968	150	953	1159	953	404	807	542	233	183	526	1031	183	261	1287	703	93	718	1135	433	142	618	1008	547	941	968	466	547	747	496	227	1009	197	507	198	49	194	525
FUN_022640	24	17	281	0	182	116	104	81	56	13	52	10	26	97	15	25	157	59	38	21	113	48	7	56	203	12	133	281	6	12	47	20	19	216	13	66	36	0	10	99
FUN_022654	6	0	145	37	48	105	75	75	49	25	8	17	15	20	13	30	158	64	0	37	57	16	36	67	101	30	101	145	33	30	86	6	5	46	18	43	9	0	0	69
FUN_022700	164	291	624	201	663	449	450	436	346	473	282	200	465	554	167	214	467	337	125	403	663	527	272	269	538	398	710	624	397	398	635	414	443	674	216	624	138	210	282	307
FUN_022806	25	29	79	30	21	115	212	41	30	109	63	26	102	108	24	60	91	48	54	59	59	102	0	67	46	30	142	79	14	30	109	42	33	95	33	71	32	6	30	56
FUN_022926	0	0	19	19	12	35	9	21	10	15	25	4	4	23	11	14	8	17	8	5	7	9	11	16	33	0	33	19	0	0	19	0	10	47	0	24	0	0	0	11
FUN_022927	0	0	48	21	21	67	25	32	11	31	29	11	10	27	15	24	23	25	0	18	10	14	22	40	76	0	94	48	0	0	43	0	16	61	7	33	0	0	0	9
FUN_023049	99	136	306	101	247	152	276	255	189	300	143	97	177	149	68	235	150	149	108	184	103	336	250	115	280	192	262	306	138	192	311	240	150	277	103	164	55	66	133	179
FUN_023089	20	15	54	0	33	14	14	11	6	33	14	2	8	13	0	76	28	36	64	31	131	20	20	32	30	0	22	54	9	0	43	17	14	14	8	15	56	0	12	21
FUN_023266	16	60	44	36	13	141	19	6	29	154	61	17	161	210	0	39	322	44	30	150	37	374	19	18	19	57	105	44	4	57	101	0	76	187	43	156	0	0	27	12
FUN_023361	142	68	204	131	422	399	221	863	139	396	381	68	386	404	134	229	239	177	177	482	384	139	278	350	267	87	275	204	117	87	453	308	262	565	145	589	75	81	237	212
FUN_023367	60	86	909	75	519	274	325	254	91	188	210	96	244	226	63	149	286	261	199	219	596	274	124	470	841	82	854	909	81	82	303	216	151	802	88	542	202	240	52	448
FUN_023403	91	35	246	63	104	162	271	35	156	319	169	140	111	90	71	89	171	104	14	148	233	99	27	217	181	125	309	246	99	125	219	261	359	211	72	152	31	42	132	34
FUN_023419	15	38	83	31	23	90	44	54	43	86	0	16	23	64	33	34	81	22	0	32	76	16	10	38	101	0	67	83	17	0	78	32	33	115	52	32	16	0	51	29
FUN_023596	723	862	462	702	424	327	539	1055	1123	1567	1412	798	935	724	938	1665	337	415	735	667	706	730	1702	517	474	963	455	462	570	963	591	915	1855	583	790	501	1559	343	1791	337
FUN_023676	813	845	896	461	781	884	639	1595	660	1327	1225	555	2243	1356	464	675	965	538	669	997	882	915	1002	738	890	1050	937	896	419	1050	856	2229	1394	1049	311	1154	734	341	1942	494
FUN_023931	246	241	369	238	411	118	331	375	386	271	339	354	248	317	179	477	251	202	176	329	319	670	432	244	348	377	276	369	297	377	275	274	413	494	166	270	274	272	394	238
FUN_024224	332	249	767	223	505	585	689	603	310	754	620	396	597	436	231	315	407	422	223	473	774	697	258	745	670	193	979	767	93	193	573	552	413	995	195	757	440	486	335	580
FUN_025252	65	15	114	88	65	182	422	25	252	127	7	29	68	48	76	103	141	66	1	8	44	101	7	124	147	6	561	114	108	6	221	89	16	123	59	110	12	1	9	50
FUN_025254	11	0	26	0	19	0	46	5	22	22	0	12	7	7	11	21	19	12	0	2	22	0	0	20	43	15	75	26	37	15	28	26	16	23	7	18	0	0	0	13
FUN_025232	2134	1217	2302	2686	1693	1198	2522	1963	3675	4967	4395	3182	1325	2214	1924	4014	2905	1340	2869	2726	1808	2634	3396	954	1928	2858	2519	2302	1604	2858	3192	1873	4129	1557	2806	971	2603	1816	5069	1286
FUN_025266	127	64	649	95	592	139	437	163	166	227	146	85	178	102	78	198	231	153	111	138	408	252	75	265	439	82	485	649	130	82	476	251	116	478	61	264	296	170	65	260
FUN_025392	325	576	898	527	979	426	1049	1378	345	985	796	461	675	788	515	816	876	523	429	779	693	748	839	341	986	528	749	898	535	528	1057	908	624	915	587	496	474	223	796	522
FUN_025405	1	15	20	8	24	38	17	13	74	56	1	4	1	16	1	0	47	8	9	9	17	24	24	55	34	48	30	20	12	48	33	12	11	63	7	6	0	0	12	18
FUN_025406	52	60	25	51	97	69	76	72	127	130	49	13	31	37	32	44	127	37	86	61	64	38	53	38	62	87	117	25	52	87	158	30	72	174	55	28	48	4	229	19
FUN_025670	297	621	571	214	605	1047	604	650	494	735	381	320	738	793	233	353	888	554	134	716	608	656	384	648	619	383	1088	571	362	383	589	520	541	846	188	715	398	300	363	486
FUN_025691	10	137	36	28	56	108	57	96	81	198	101	24	87	226	16	83	115	44	32	101	58	91	136	43	55	102	96	36	18	102	161	78	104	21	41	67	25	0	145	53
FUN_025747	703	954	2215	340	3214	2809	1166	3025	810	4017	896	1049	2568	1709	614	555	1449	1449	454	1678	5435	1503	984	3845	941	651	2029	2215	340	651	1009	2420	1104	3515	559	3334	709	761	933	2594
FUN_025823	675	468	1033	296	678	708	767	1448	582	1913	852	703	1346	637	461	812	619	565	238	712	720	1032	1180	941	1023	499	1127	1033	342	499	763	1672	1593	1039	577	818	1422	699	1002	497
FUN_025802	1736	1155	2135	1404	1291	1687	2613	2437	2055	4370	3385	2733	2853	1540	1656	2479	1167	999	979	1746	1676	2750	2378	1625	2008	1417	2731	2135	917	1417	1826	3659	2429	1835	2025	1458	2089	1673	2279	1057
FUN_026104	1854	784	3051	1016	1378	1464	3185	1384	3853	2721	2043	1718	1580	1686	1104	2341	1348	1244	753	1923	2197	3922	1139	1938	2659	1515	3968	3051	1299	1515	3456	1836	1939	2039	1176	1690	1215	1053	984	1200
FUN_026128	0	0	0	0	0	0	3	0	0	84	0	0	30	0	0	0	87	0	0	0	0	17	0	0	0	0	0	0	0	0	77	7	0	82	0	32	0	30	0	0
FUN_026618	24	38	676	62	513	470	253	273	106	181	15	24	109	250	43	17	466	236	12	127	277	171	21	194	564	96	658	676	67	96	337	151	80	611	45	299	0	0	22	371
FUN_026657	0	0	11	0	0	0	0	0	0	0	0	0	4	2	0	9	25	5	12	0	7	0	0	0	20	22	3	11	0	22	5	0	11	0	0	0	9	0	0	24
FUN_026658	7	63	149	0	0	5	3	9	0	56	0	8	0	7	0	222	213	63	113	58	11	0	4	0	272	226	30	149	23	226	80	19	212	0	0	2	124	0	52	223
FUN_027948	361	0	0	410	0	586	0	0	717	0	0	365	0	0	0	0	0	0	0	0	0	0	0	469	0	0	621	0	0	0	0	0	0	0	565	0	0	0	0	0
FUN_027950	74	98	152	70	182	77	208	147	101	159	36	49	380	137	94	104	106	99	66	112	114	181	145	68	247	102	89	152	83	102	179	288	177	251	62	336	23	131	107	92
FUN_028200	877	496	559	1324	346	569	958	1061	912	1809	1469	1102	1054	405	1169	1772	498	398	1406	540	483	1287	1608	355	583	887	647	559	618	887	858	974	1544	562	1080	521	1436	736	2147	302
FUN_028231	8	0	66	28	47	30	32	19	38	21	11	18	57	26	10	5	46	23	20	37	41	103	16	84	44	9	52	66	17	9	74	18	9	259	10	156	0	0	0	27
FUN_028239	56	67	157	41	129	151	76	80	119	129	24	35	138	127	32	27	54	49	39	62	134	226	24	132	171	26	129	157	70	26	170	66	104	339	37	244	115	230	29	92
FUN_028971	148	423	347	178	357	1113	326	222	192	425	195	99	473	545	93	168	330	229	113	348	361	515	128	282	419	83	1013	347	136	83	460	427	132	423	212	499	65	123	39	180
FUN_028970	12725	8613	2775	10703	2125	3267	5863	8901	5190	9654	12626	10786	14715	3034	10074	7484	2585	2130	4783	4943	3668	12434	9796	3607	1974	3132	3962	2775	2643	3132	4119	16273	5291	2322	4934	3313	9775	5898	12416	2377
FUN_029188	116	150	299	132	730	398	0	431	269	328	224	170	540	371	0	199	528	160	192	303	416	423	154	330	356	140	409	299	220	140	413	510	203	994	98	571	117	156	84	161
FUN_029358	0	0	7	0	3	0	6	0	0	20	0	0	8	19	0	0	20	5	8	2	8	12	0	13	4	0	19	7	0	0	8	0	0	59	0	7	0	0	0	6
FUN_029410	232	165	448	140	505	242	719	462	628	365	274	199	271	235	93	126	298	222	182	280	380	685	206	388	478	186	564	448	184	186	347	456	395	591	186	452	343	456	238	310
FUN_029435	9	0	5	0	3	0	0	2	22	9	0	0	13	4	0	5	6	13	0	0	0	10	3	9	4	0	8	5	6	0	21	0	0	10	9	14	30	0	0	9
FUN_029436	2	4	12	0	18	2	3	2	26	9	0	1	11	9	0	4	16	8	0	3	2	14	17	17	9	7	4	12	1	7	13	0	4	23	3	20	0	0	2	13
FUN_029437	7	16	20	0	40	18	9	4	104	8	0	10	14	9	4	2	38	8	0	6	41	15	0	46	33	14	9	20	11	14	22	25	0	46	0	11	0	0	10	22
FUN_029535	2	21	7	0	0	0	7	0	0	16	1	0	2	4	0	4	15	1	0	8	13	1	0	0	4	1	0	7	0	1	13	3	4	9	0	0	0	0	8	0
FUN_029673	58	125	879	0	385	396	462	214	110	258	25	33	326	157	37	81	327	368	45	167	477	291	41	499	732	0	664	879	41	0	334	218	68	809	38	662	61	0	0	314
FUN_030063	142	392	100	103	69	120	618	442	117	270	239	210	892	124	160	232	116	58	69	185	19	104	122	269	176	13	598	100	20	13	151	750	402	191	77	761	0	283	560	172
FUN_031214	5	1	6	0	13	3	1	4	2	16	0	1	3	2	0	3	16	10	14	0	17	0	2	7	5	0	4	6	1	0	19	2	0	8	1	7	0	0	3	20
FUN_031217	12	4	9	12	8	14	1	3	12	31	0	1	0	11	1	0	23	27	2	0	1	0	2	8	11	1	16	9	1	1	10	3	0	5	5	4	0	0	3	29
FUN_031527	11	4	37	0	105	34	61	18	25	57	37	2	32	30	23	0	39	28	77	21	15	31	38	34	69	0	31	37	57	0	78	26	0	50	0	11	0	49	0	26
FUN_031644	92	70	529	99	362	328	892	76	314	473	112	120	125	146	112	314	314	180	79	266	240	501	126	200	515	177	816	529	138	177	543	168	133	448	84	306	202	222	122	216
FUN_031686	668	552	597	810	523	616	1048	1009	949	1345	1173	867	1027	819	568	1072	372	540	480	873	651	1117	1140	507	559	814	836	597	707	814	811	1338	1138	582	925	591	585	330	973	346
FUN_031875	2030	3058	1631	2951	1637	5615	1942	3008	2481	4407	3075	2206	2444	6827	1735	2993	8597	2599	2583	2523	4597	2342	3583	1959	1177	3164	1956	1631	1318	3164	2497	2380	3761	2308	2160	1772	2639	1004	4293	1915
FUN_031877	233	88	241	138	253	444	356	219	349	605	195	198	222	306	72	249	258	181	91	293	382	257	274	279	226	253	414	241	149	253	411	266	227	403	224	320	175	206	148	194
FUN_031898	31	222	415	30	346	280	399	305	231	266	209	246	300	388	113	108	365	260	48	255	453	159	79	160	220	297	248	415	171	297	250	327	227	289	60	261	82	13	92	335
FUN_031927	9	0	5	0	0	0	30	7	0	17	0	1	0	3	0	0	11	6	0	3	1	0	1	0	6	15	22	5	4	15	3	0	13	14	0	5	0	0	14	3
FUN_031975	1164	538	1054	885	848	326	1507	868	1687	1450	1522	1453	937	440	977	1393	491	358	1075	794	577	1604	1483	662	723	734	972	1054	765	734	1092	1286	1158	707	1039	477	1247	995	1329	357
FUN_032099	204	189	656	284	505	350	640	552	374	551	359	338	348	301	368	400	280	377	141	377	286	623	600	266	712	228	788	656	179	228	344	288	497	703	298	470	230	196	418	288
FUN_032220	273	232	1402	154	1410	537	1430	656	822	771	377	271	423	597	214	373	774	426	59	722	961	923	348	672	1117	338	1148	1402	397	338	930	460	367	1267	253	690	239	205	303	638
FUN_032194	877	1407	2727	838	2482	3442	2439	2148	1414	2937	945	578	1993	2745	884	1107	3512	1713	676	2183	2692	2003	1050	1670	2588	1503	2932	2727	1268	1503	2736	2183	1483	2907	857	2285	627	382	904	2079
FUN_032264	0	8	258	17	26	0	95	32	18	15	6	0	21	0	28	103	51	67	0	5	26	15	16	15	251	27	82	258	27	27	0	8	0	65	0	113	9	0	0	145
FUN_032266	3	0	8	0	28	0	21	8	17	12	15	0	2	11	14	0	7	2	0	17	41	0	3	3	11	2	2	8	3	2	0	7	9	5	0	4	0	0	7	8
FUN_032268	26	21	71	0	20	15	32	83	25	54	27	30	58	17	25	36	25	34	49	27	27	32	38	34	33	11	22	71	24	11	21	24	82	14	8	59	23	0	23	56
FUN_032460	1137	1157	2131	1986	2359	816	2273	3474	1974	2751	2628	1563	2690	1336	1714	2843	1643	1242	2840	1561	1432	4002	3140	873	2308	1423	1722	2131	1421	1423	2007	2061	2034	2230	1559	1857	1792	1536	2226	1114
FUN_032651	243	242	265	298	211	626	1262	156	207	1115	238	150	262	410	488	324	598	356	113	386	177	580	51	210	295	294	916	265	253	294	887	361	108	190	447	182	47	85	142	78
FUN_032671	28	61	92	74	43	105	0	169	0	138	122	14	42	51	0	270	29	87	33	86	28	57	190	13	90	0	215	92	28	0	22	76	147	55	94	69	137	0	79	41
FUN_032701	1265	505	2597	765	1254	1998	2777	732	1968	3502	1543	1123	1471	1850	886	1737	1756	1203	1006	1346	2117	3656	645	2452	2460	1072	3973	2597	832	1072	3802	2916	963	2103	975	1683	880	1184	256	1450
FUN_033040	5	0	7	0	0	0	0	11	10	8	0	0	3	0	0	0	0	4	0	0	28	0	6	22	0	29	3	7	0	29	0	0	0	14	0	9	0	0	0	13
FUN_033039	18	7	11	0	8	0	14	45	41	35	0	0	22	42	0	30	60	12	0	4	36	4	0	35	27	0	22	11	0	0	30	18	10	15	0	25	0	0	33	0
FUN_033491	28	46	210	51	156	57	66	204	101	109	79	67	83	114	77	88	46	86	38	56	87	139	159	137	136	70	90	210	66	70	43	29	106	287	67	197	33	25	40	62
FUN_033687	186	617	607	426	392	807	525	631	510	759	345	237	234	650	273	456	426	409	238	489	419	248	566	293	619	456	1005	607	254	456	535	370	387	304	385	282	242	63	505	263
FUN_033720	63	76	374	60	293	169	268	343	119	516	44	61	224	331	123	179	375	156	120	187	240	274	184	144	349	91	259	374	155	91	336	456	177	297	62	255	42	31	132	245
FUN_034717	67	164	410	116	177	237	239	251	116	169	97	30	256	359	61	130	199	232	83	138	224	151	188	153	402	41	281	410	42	41	181	151	32	322	77	252	96	0	23	173
FUN_034834	794	417	1086	512	408	832	857	798	727	1438	990	552	855	855	513	974	758	1045	451	724	846	1090	865	926	1045	603	1098	1086	255	603	1075	1056	1108	871	683	834	572	488	717	811
FUN_034872	13	24	76	30	38	27	76	56	32	78	42	6	5	26	8	43	63	10	19	78	72	15	11	43	55	89	51	76	17	89	89	61	21	18	18	0	0	0	34	17
FUN_034965	207	150	267	168	279	411	311	370	250	544	335	365	377	311	110	196	370	202	127	229	228	382	226	285	402	68	559	267	205	68	327	359	337	312	152	292	326	169	239	105
FUN_035013	64	38	20	7	102	77	139	30	138	21	25	0	65	25	40	8	15	42	42	16	29	126	14	102	72	13	123	20	45	13	19	39	1	127	22	67	9	0	39	39
FUN_035177	369	703	753	244	540	757	722	1006	540	990	212	242	847	754	241	418	398	515	148	635	577	709	706	692	912	404	1033	753	186	404	701	956	664	814	435	759	588	178	578	458
FUN_035264	219	266	517	281	450	478	306	334	525	571	287	405	311	418	124	316	522	250	143	425	285	539	343	372	387	419	620	517	320	419	568	373	249	289	257	232	195	170	330	258
FUN_035351	173	58	110	0	158	159	26	158	54	88	23	25	101	93	0	13	77	64	27	118	210	92	20	81	130	35	240	110	9	35	78	79	64	128	14	114	70	22	14	64
FUN_035402	54	179	67	38	144	143	57	18	250	70	55	55	27	122	33	28	139	26	7	72	144	135	26	121	153	55	72	67	44	55	139	64	38	102	19	15	69	16	42	89
FUN_035467	234	65	221	162	135	110	208	280	145	380	439	241	117	197	114	211	175	116	207	169	150	150	269	120	310	130	249	221	109	130	182	214	446	200	151	102	203	462	348	80
FUN_035468	1364	2846	1934	262	1154	1321	1878	2752	1392	1683	595	1673	8647	844	738	294	2606	563	245	724	3062	3110	1010	2582	1051	682	1820	1934	599	682	1565	12043	1719	1727	291	1780	2600	613	1335	1801
FUN_035682	118	624	720	51	1136	917	837	480	321	543	222	104	409	936	53	162	604	516	88	658	969	365	139	362	608	199	936	720	272	199	541	610	432	766	112	522	79	121	188	360
FUN_035715	192	82	209	250	163	160	271	206	261	339	308	188	101	206	175	349	158	152	296	306	122	499	455	115	254	226	191	209	214	226	300	150	341	145	191	130	47	127	263	129
FUN_035971	246	218	192	238	192	196	460	251	431	585	383	180	208	291	231	319	204	156	155	340	196	407	269	196	247	365	436	192	228	365	340	281	507	284	239	147	114	175	438	153
FUN_035975	37	32	538	20	267	464	497	74	106	175	39	76	119	107	74	74	422	215	162	95	80	97	36	467	554	34	467	538	77	34	333	132	14	338	39	299	51	94	87	149
FUN_036017	0	0	3	0	15	0	45	0	12	16	0	0	8	9	3	0	9	0	8	11	0	11	0	0	3	0	3	3	13	0	28	4	7	9	12	5	0	0	0	0
FUN_036124	117	314	504	80	331	373	496	431	247	614	93	88	223	471	141	180	497	418	124	284	197	253	262	175	511	249	443	504	143	249	504	383	239	330	95	184	63	44	154	173
FUN_036246	1306	1067	1775	512	1692	1497	2463	1574	2518	2196	1303	1447	1789	2084	782	1147	2046	1094	519	1724	2302	2861	1331	1385	1593	1553	2097	1775	982	1553	1585	1732	1515	2660	731	2265	1460	1031	1211	1477
FUN_036852	110	328	326	40	278	226	334	306	112	175	133	111	489	283	108	49	263	76	86	345	1035	187	64	504	245	156	274	326	70	156	232	590	360	356	66	750	135	148	68	104
FUN_036858	130	151	1344	330	1147	480	400	1282	175	329	290	87	534	742	315	1113	424	429	294	652	810	154	1309	379	964	198	477	1344	750	198	375	635	391	806	252	371	152	139	424	810
FUN_036859	168	46	708	225	465	209	283	1460	133	1433	417	87	214	205	471	1435	162	273	218	434	231	81	1797	232	667	79	391	708	444	79	236	653	473	378	252	256	520	175	329	496
FUN_036898	301	365	1286	171	988	889	1336	857	470	1423	433	460	1508	493	329	327	877	471	241	635	1011	1067	335	1136	1007	181	1394	1286	318	181	1046	1913	702	1598	236	2167	562	305	287	747
FUN_036924	700	576	2692	454	2256	1339	2931	1392	1626	1880	1178	786	1210	1279	538	762	1436	1118	507	1412	2274	1825	974	1638	1946	816	2342	2692	738	816	1698	1516	991	1992	801	1269	981	1035	364	1496
FUN_036919	760	918	681	485	771	1084	1398	1544	968	1263	809	1111	1735	799	914	1380	1172	379	348	535	1051	1691	1411	724	655	489	1011	681	819	489	1026	2635	1022	508	501	520	972	386	696	490
FUN_036984	44	0	146	23	69	64	52	34	44	30	33	6	43	59	24	25	58	64	26	34	75	74	39	36	154	12	147	146	0	12	84	28	29	59	4	65	20	18	7	55
FUN_037039	76	194	311	55	230	610	240	100	66	9	37	34	172	261	46	70	17	207	0	170	231	57	33	160	260	68	419	311	89	68	3	209	81	230	57	208	29	51	20	155
FUN_037170	44	40	116	79	80	128	109	57	77	73	48	17	42	62	11	172	73	122	33	41	18	56	101	12	185	65	77	116	45	65	52	37	81	59	80	29	11	0	122	53
FUN_037114	0	0	18	0	0	11	0	0	0	0	0	0	0	0	0	0	0	15	0	0	0	0	0	15	17	0	4	18	0	0	0	0	0	0	0	6	0	0	0	0
FUN_037148	0	0	20	62	0	544	301	1	5	6	3	0	9	12	32	0	8	11	0	0	3	7	0	15	17	0	519	20	3	0	22	7	0	14	70	31	0	0	0	6
FUN_037108	27	0	1	24	0	206	131	0	19	2	0	9	22	2	30	0	2	0	0	0	2	13	0	51	6	0	167	1	0	0	3	0	0	27	16	51	0	0	0	2
FUN_037111	3	1	137	130	22	179	145	10	5	3	1	2	100	4	45	21	7	102	3	5	4	39	1	18	121	1	354	137	15	1	4	12	1	151	73	189	0	0	0	35
FUN_037118	16	8	8	58	79	233	167	7	39	29	11	17	6	17	49	6	36	7	0	7	25	5	3	97	21	8	238	8	11	8	36	20	0	1	66	16	0	0	21	2
FUN_037120	17	1	12	341	37	482	348	0	17	6	0	4	33	25	84	3	16	15	0	16	7	15	0	39	14	5	1085	12	41	5	15	48	0	46	254	23	7	38	0	10
FUN_037122	20	0	2	37	0	258	141	0	25	0	0	20	18	3	10	0	4	1	0	1	3	29	0	55	0	0	296	2	0	0	0	0	0	27	37	85	0	0	0	0
FUN_037126	8	3	309	0	98	121	35	16	39	13	8	11	102	31	6	20	31	135	1	16	27	71	8	53	185	4	88	309	16	4	55	24	0	180	0	198	6	10	0	41
FUN_037137	25	0	136	114	35	279	71	58	15	0	0	20	15	0	43	30	4	136	0	2	5	17	39	37	144	0	235	136	14	0	5	8	0	94	105	56	0	0	0	77
FUN_037156	3	0	32	7	8	37	30	0	7	3	0	0	0	0	0	0	16	10	0	15	8	0	0	11	6	0	62	32	0	0	23	0	0	6	14	18	1	0	0	11
FUN_037176	58	8	66	13	104	86	91	91	66	51	65	20	118	94	25	7	76	29	2	86	96	56	18	304	52	19	94	66	11	19	78	39	28	100	15	374	9	28	11	62
FUN_037179	96	159	17	45	41	1360	127	17	73	11	48	37	10	404	78	12	9	18	1	153	646	5	8	1051	4	4	828	17	0	4	10	14	97	9	47	54	0	0	28	28
FUN_037231	95	68	183	43	112	92	210	206	113	138	162	55	198	88	84	84	83	163	39	63	83	176	126	93	221	42	179	183	97	42	212	155	96	276	35	201	168	82	166	139
FUN_037426	9	45	142	24	95	112	49	38	66	56	48	0	92	186	3	42	263	78	29	94	83	170	96	34	158	54	111	142	94	54	100	7	80	139	58	84	0	0	13	47
FUN_037562	23	29	39	32	25	78	47	26	28	49	18	23	61	30	23	23	63	35	0	68	25	44	34	33	32	29	127	39	54	29	51	16	21	109	21	61	0	0	68	36
FUN_037564	47	31	200	75	125	174	132	176	109	177	14	42	167	80	46	103	119	150	52	44	48	110	121	102	291	24	264	200	134	24	138	211	32	171	38	143	64	3	11	131
FUN_037573	1161	671	1213	1052	1177	1044	1493	1797	1209	2403	1548	1373	1663	730	1001	1702	852	861	773	912	1033	1709	1799	764	1125	645	1657	1213	853	645	1342	1970	1670	1317	1026	1109	1483	1270	1437	946
FUN_037593	53	53	175	74	132	147	87	157	42	170	177	126	154	145	45	105	110	116	82	81	253	122	53	144	246	41	242	175	24	41	186	165	103	155	141	117	142	174	134	104
FUN_038134	19	157	39	76	39	98	71	47	69	159	55	71	98	152	34	89	99	106	57	104	43	75	74	72	34	83	128	39	36	83	68	64	48	44	44	86	24	0	190	30
FUN_038166	392	366	416	211	326	313	398	706	457	840	619	316	703	269	262	587	226	249	189	307	425	388	615	408	355	203	478	416	128	203	468	753	518	503	329	459	1028	681	459	155
FUN_038245	12944	9037	6960	5013	5023	5249	7645	12517	6038	26370	10844	10706	14210	5320	9375	13608	6374	4325	5643	4262	6017	11023	11148	10474	4911	5292	8257	6960	2477	5292	7865	17622	24774	12317	7757	11820	18020	15226	8576	4227
FUN_038464	581	472	1591	529	2143	837	1232	864	1479	958	710	607	559	1090	359	974	1138	881	578	878	907	1202	1246	552	1684	833	1186	1591	1089	833	984	690	612	765	771	630	442	649	528	797
FUN_038618	1169	1459	4606	434	4565	3804	2718	3569	1282	3014	772	1073	4508	1742	725	839	4638	2383	298	2132	8528	2287	791	11077	3399	815	4258	4606	966	815	3530	5998	1882	4282	520	5014	936	428	600	4252
FUN_038688	1933	1858	4668	2470	2807	2184	4017	2908	4062	4232	2895	2554	2340	2611	1676	3131	3115	2112	1265	2991	3719	3614	3294	2667	2963	2516	3845	4668	2515	2516	3076	3407	3165	4063	2510	2335	2120	1772	2862	2312
FUN_038727	87	34	86	40	77	105	203	77	108	230	67	113	118	38	72	114	94	61	63	52	97	224	109	104	82	58	174	86	88	58	164	119	120	155	139	150	45	118	42	36
FUN_038734	491	519	993	443	709	593	1277	969	745	1390	846	599	989	761	556	848	601	607	331	1053	736	956	710	547	1026	625	1336	993	552	625	864	1242	749	967	553	615	455	202	816	615
FUN_038738	250	274	1004	181	768	486	1229	223	894	405	166	134	325	517	185	300	459	346	156	482	604	1669	164	661	970	476	1446	1004	354	476	1272	423	192	1014	196	534	232	364	102	358
FUN_039293	5193	2689	4795	5714	5266	1919	7732	4065	8881	7223	9571	7898	3927	4420	5067	8638	3907	2635	5720	5415	3793	8032	7313	2850	4061	6334	4008	4795	4563	6334	4515	4846	8414	4829	5402	3035	5297	4616	11169	2405
FUN_039323	74	10	97	75	55	192	320	20	199	102	5	23	52	31	50	89	111	60	6	10	32	85	7	112	112	2	485	97	66	2	200	58	9	101	42	93	7	1	9	39
FUN_039818	159	112	461	144	303	169	348	267	245	264	193	151	97	361	61	171	234	180	83	335	441	205	168	132	336	161	425	461	131	161	300	184	171	391	54	266	85	0	163	116
FUN_039883	257	274	999	42	635	660	594	551	332	454	112	171	768	300	38	97	408	358	66	278	787	631	178	691	710	122	949	999	117	122	751	720	322	746	64	559	169	89	76	453
FUN_040103	160	171	265	81	228	233	349	331	205	293	256	167	1015	238	82	238	158	165	110	186	226	293	151	185	358	89	464	265	92	89	273	521	202	306	141	308	310	217	106	114
FUN_040116	153	29	553	178	218	438	451	511	176	608	235	73	206	258	173	264	340	192	247	404	241	51	213	108	414	106	857	553	183	106	578	94	159	266	157	167	43	31	96	112
FUN_040118	844	928	1427	245	548	2891	1648	1106	2236	2275	325	358	4051	1467	484	870	2797	2251	286	467	904	2999	150	2767	1320	765	1969	1427	688	765	1381	1263	642	2039	197	4270	474	416	218	1352
FUN_040244	1307	1520	2248	576	3269	959	2549	1382	2927	1441	1129	1653	1937	981	630	1559	1066	862	438	1662	1840	3877	1081	1177	1608	1243	1777	2248	1880	1243	1655	2772	1724	1882	840	1025	2141	2101	1349	1363
FUN_040444	9319	7369	4945	11088	3842	2814	11486	6782	13174	13562	17135	16368	7774	4874	8633	14089	3326	2287	11257	9128	5590	11207	13111	4082	4616	13164	7582	4945	8321	13164	7345	10476	12536	5009	10738	3941	11393	6854	17910	2105
FUN_040783	2307	816	3606	1727	1899	3046	4469	3826	4030	7158	2978	5219	3266	1481	2586	4024	2569	1868	1722	1472	1760	2489	3241	2733	3163	1567	4625	3606	2111	1567	3653	4002	1760	3395	3346	2216	1741	1358	1324	1646
FUN_040784	898	1226	741	483	375	520	1389	1356	1135	1806	956	786	2483	454	689	833	582	379	354	630	536	1627	851	714	775	556	1117	741	535	556	1331	2199	1193	626	489	1070	516	245	964	402
FUN_041634	913	919	5439	1110	5067	7123	2956	7086	1328	12024	3573	1563	5578	2160	2043	2081	3382	3515	1230	4852	8446	3935	1499	9055	698	1076	5534	5439	627	1076	1933	3412	2881	10427	872	9247	1479	1957	1319	6761
FUN_041699	77	103	194	87	74	85	160	142	146	197	103	71	67	99	66	107	58	37	46	121	62	152	110	69	149	63	209	194	97	63	160	56	96	163	121	63	48	120	124	73
FUN_041710	309	289	213	522	381	479	455	319	420	808	385	330	216	309	521	629	329	289	862	258	133	509	782	166	271	372	467	213	288	372	287	256	650	207	466	221	369	217	1176	111
FUN_041721	141	261	1001	89	1021	1149	518	416	392	265	217	101	375	1190	133	209	1188	855	8	439	1026	431	181	453	888	428	816	1001	329	428	640	349	220	1110	92	808	243	143	231	713
FUN_041903	15	14	19	16	23	29	47	46	51	36	52	12	20	13	15	27	11	6	0	49	19	36	30	14	34	8	24	19	12	8	17	12	61	35	17	14	14	0	0	13
FUN_042618	635	423	494	875	304	2387	602	761	1235	2521	1383	949	735	821	878	695	1358	475	362	412	654	265	495	747	486	1278	1932	494	551	1278	752	441	1277	758	1451	623	633	100	1549	302
FUN_042919	154	344	46	17	84	175	398	460	61	111	6	48	1713	60	103	14	88	42	18	68	35	86	170	454	58	13	141	46	11	13	25	2016	20	33	26	127	178	34	38	122
FUN_042950	0	64	130	52	86	35	45	138	0	103	168	0	177	67	52	112	80	70	33	170	119	97	85	0	170	88	111	130	85	88	50	140	154	78	30	115	96	30	120	59
FUN_042946	307	832	258	44	415	535	528	986	338	534	128	418	2603	409	192	124	320	222	83	283	1283	263	291	551	283	126	585	258	106	126	268	2329	267	539	112	2611	488	153	231	653
FUN_042949	59	112	599	60	319	318	241	337	46	251	228	69	329	242	138	250	267	312	200	251	429	189	140	176	522	52	403	599	76	52	260	222	130	759	71	627	114	76	47	291
FUN_042953	29	89	116	27	141	96	158	288	27	28	26	38	0	63	76	124	46	166	39	48	62	11	98	58	172	22	140	116	38	22	37	191	33	15	9	30	51	0	14	72
FUN_042982	43	182	33	2	90	66	66	34	39	117	86	23	286	443	18	0	88	0	0	376	243	114	15	68	26	351	88	33	74	351	81	153	146	163	16	410	32	49	153	20
FUN_043101	58	113	577	12	62	156	225	329	76	376	150	146	424	78	113	87	152	140	33	128	248	232	101	324	207	24	278	577	93	24	283	370	245	292	74	230	139	79	142	198
FUN_043244	9162	6890	13784	14981	16010	20186	19200	8748	20103	10300	13052	10401	11975	35469	10297	11739	21924	7999	8294	15258	28114	6695	9729	10386	11718	14345	20069	13784	11001	14345	12272	14535	8369	15045	7708	8305	8448	4038	13512	11038
FUN_043629	57	85	224	25	132	115	229	185	118	224	86	92	195	147	58	145	158	154	46	203	142	208	137	153	215	123	244	224	40	123	181	162	140	223	57	207	65	36	78	100
FUN_044276	244	241	360	232	393	118	303	365	387	267	335	341	240	304	174	466	230	203	170	322	306	641	419	239	333	325	269	360	294	325	277	271	404	473	160	264	272	261	390	227
FUN_004635	0	101	98	3	69	83	36	94	14	128	0	33	43	72	19	3	21	48	0	132	160	38	40	88	103	42	84	98	14	42	21	96	82	62	7	56	43	69	60	58
FUN_032260	0	0	30	0	20	1	25	11	6	12	12	0	6	4	7	1	2	2	0	3	16	3	1	4	19	3	12	30	0	3	6	6	7	4	2	10	4	0	0	10
FUN_032263	0	0	68	0	14	6	143	12	21	71	0	0	5	4	10	23	58	38	0	0	42	9	24	25	42	0	15	68	21	0	7	5	2	24	0	34	0	0	0	35
